BOX$C3$9273[-1, 1, 1, 0, -1, 1, 1, 1, 0]
BOX$C3$9273[-1, 1, 1, 0, 0, 1, 0, 1, 0]
BOX$C3$9273[-1, 1, 1, 0, 0, 1, 1, 1, -1]
BOX$C3$9273[-1, 1, 1, 0, 0, 1, 1, 1, 0]
BOX$C3$9273[0, 0, 0, 0, 0, 1, 1, 1, 0]
BOX$C3$9273[0, 0, 1, -1, 0, 1, 1, 1, 0]
BOX$C3$9273[0, 0, 1, 0, -1, 1, 1, 1, 0]
BOX$C3$9273[0, 0, 1, 0, 0, 0, 1, 1, 0]
BOX$C3$9273[0, 0, 1, 0, 0, 1, 0, 1, 0]
BOX$C3$9273[0, 0, 1, 0, 0, 1, 1, 0, 0]
BOX$C3$9273[0, 0, 1, 0, 0, 1, 1, 1, -1]
BOX$C3$9273[0, 0, 1, 0, 0, 1, 1, 1, 0]
BOX$C3$9273[0, 1, 0, 0, -1, 1, 1, 1, 0]
BOX$C3$9273[0, 1, 0, 0, 0, 1, 0, 1, 0]
BOX$C3$9273[0, 1, 0, 0, 0, 1, 1, 1, -1]
BOX$C3$9273[0, 1, 0, 0, 0, 1, 1, 1, 0]
BOX$C3$9273[0, 1, 1, -1, -1, 1, 1, 1, 0]
BOX$C3$9273[0, 1, 1, -1, 0, 1, 0, 1, 0]
BOX$C3$9273[0, 1, 1, -1, 0, 1, 1, 1, -1]
BOX$C3$9273[0, 1, 1, -1, 0, 1, 1, 1, 0]
BOX$C3$9273[0, 1, 1, 0, -2, 1, 1, 1, 0]
BOX$C3$9273[0, 1, 1, 0, -1, 0, 1, 1, 0]
BOX$C3$9273[0, 1, 1, 0, -1, 1, 0, 1, 0]
BOX$C3$9273[0, 1, 1, 0, -1, 1, 1, 0, 0]
BOX$C3$9273[0, 1, 1, 0, -1, 1, 1, 1, -1]
BOX$C3$9273[0, 1, 1, 0, -1, 1, 1, 1, 0]
BOX$C3$9273[0, 1, 1, 0, 0, 0, 0, 1, 0]
BOX$C3$9273[0, 1, 1, 0, 0, 0, 1, 1, -1]
BOX$C3$9273[0, 1, 1, 0, 0, 0, 1, 1, 0]
BOX$C3$9273[0, 1, 1, 0, 0, 1, -1, 1, 0]
BOX$C3$9273[0, 1, 1, 0, 0, 1, 0, 0, 0]
BOX$C3$9273[0, 1, 1, 0, 0, 1, 0, 1, -1]
BOX$C3$9273[0, 1, 1, 0, 0, 1, 0, 1, 0]
BOX$C3$9273[0, 1, 1, 0, 0, 1, 1, 0, -1]
BOX$C3$9273[0, 1, 1, 0, 0, 1, 1, 0, 0]
BOX$C3$9273[0, 1, 1, 0, 0, 1, 1, 1, -2]
BOX$C3$9273[0, 1, 1, 0, 0, 1, 1, 1, -1]
BOX$C3$9273[0, 1, 1, 0, 0, 1, 1, 1, 0]
BOX$C3$9273[1, -1, 1, -1, 0, 1, 1, 1, 0]
BOX$C3$9273[1, -1, 1, 0, 0, 0, 1, 1, 0]
BOX$C3$9273[1, -1, 1, 0, 0, 1, 1, 0, 0]
BOX$C3$9273[1, -1, 1, 0, 0, 1, 1, 1, 0]
BOX$C3$9273[1, 0, 0, -1, 0, 1, 1, 1, 0]
BOX$C3$9273[1, 0, 0, 0, 0, 0, 1, 1, 0]
BOX$C3$9273[1, 0, 0, 0, 0, 1, 1, 0, 0]
BOX$C3$9273[1, 0, 0, 0, 0, 1, 1, 1, 0]
BOX$C3$9273[1, 0, 1, -2, 0, 1, 1, 1, 0]
BOX$C3$9273[1, 0, 1, -1, -1, 1, 1, 1, 0]
BOX$C3$9273[1, 0, 1, -1, 0, 0, 1, 1, 0]
BOX$C3$9273[1, 0, 1, -1, 0, 1, 0, 1, 0]
BOX$C3$9273[1, 0, 1, -1, 0, 1, 1, 0, 0]
BOX$C3$9273[1, 0, 1, -1, 0, 1, 1, 1, -1]
BOX$C3$9273[1, 0, 1, -1, 0, 1, 1, 1, 0]
BOX$C3$9273[1, 0, 1, 0, -1, 0, 1, 1, 0]
BOX$C3$9273[1, 0, 1, 0, -1, 1, 1, 0, 0]
BOX$C3$9273[1, 0, 1, 0, -1, 1, 1, 1, 0]
BOX$C3$9273[1, 0, 1, 0, 0, -1, 1, 1, 0]
BOX$C3$9273[1, 0, 1, 0, 0, 0, 0, 1, 0]
BOX$C3$9273[1, 0, 1, 0, 0, 0, 1, 0, 0]
BOX$C3$9273[1, 0, 1, 0, 0, 0, 1, 1, -1]
BOX$C3$9273[1, 0, 1, 0, 0, 0, 1, 1, 0]
BOX$C3$9273[1, 0, 1, 0, 0, 1, 0, 0, 0]
BOX$C3$9273[1, 0, 1, 0, 0, 1, 0, 1, 0]
BOX$C3$9273[1, 0, 1, 0, 0, 1, 1, -1, 0]
BOX$C3$9273[1, 0, 1, 0, 0, 1, 1, 0, -1]
BOX$C3$9273[1, 0, 1, 0, 0, 1, 1, 0, 0]
BOX$C3$9273[1, 0, 1, 0, 0, 1, 1, 1, -1]
BOX$C3$9273[1, 0, 1, 0, 0, 1, 1, 1, 0]
BOX$C3$9273[1, 1, -1, 0, 0, 1, 1, 1, 0]
BOX$C3$9273[1, 1, 0, -1, -1, 1, 1, 1, 0]
BOX$C3$9273[1, 1, 0, -1, 0, 1, 0, 1, 0]
BOX$C3$9273[1, 1, 0, -1, 0, 1, 1, 1, 0]
BOX$C3$9273[1, 1, 0, 0, -1, 0, 1, 1, 0]
BOX$C3$9273[1, 1, 0, 0, -1, 1, 1, 0, 0]
BOX$C3$9273[1, 1, 0, 0, -1, 1, 1, 1, 0]
BOX$C3$9273[1, 1, 0, 0, 0, 0, 0, 1, 0]
BOX$C3$9273[1, 1, 0, 0, 0, 0, 1, 1, -1]
BOX$C3$9273[1, 1, 0, 0, 0, 0, 1, 1, 0]
BOX$C3$9273[1, 1, 0, 0, 0, 1, 0, 0, 0]
BOX$C3$9273[1, 1, 0, 0, 0, 1, 0, 1, 0]
BOX$C3$9273[1, 1, 0, 0, 0, 1, 1, 0, -1]
BOX$C3$9273[1, 1, 0, 0, 0, 1, 1, 0, 0]
BOX$C3$9273[1, 1, 0, 0, 0, 1, 1, 1, -1]
BOX$C3$9273[1, 1, 0, 0, 0, 1, 1, 1, 0]
BOX$C3$9273[1, 1, 1, -2, 0, 1, 0, 1, 0]
BOX$C3$9273[1, 1, 1, -2, 0, 1, 1, 1, -1]
BOX$C3$9273[1, 1, 1, -2, 0, 1, 1, 1, 0]
BOX$C3$9273[1, 1, 1, -1, -1, 0, 1, 1, 0]
BOX$C3$9273[1, 1, 1, -1, -1, 1, 0, 1, 0]
BOX$C3$9273[1, 1, 1, -1, -1, 1, 1, 0, 0]
BOX$C3$9273[1, 1, 1, -1, -1, 1, 1, 1, -1]
BOX$C3$9273[1, 1, 1, -1, -1, 1, 1, 1, 0]
BOX$C3$9273[1, 1, 1, -1, 0, 0, 0, 1, 0]
BOX$C3$9273[1, 1, 1, -1, 0, 0, 1, 1, -1]
BOX$C3$9273[1, 1, 1, -1, 0, 0, 1, 1, 0]
BOX$C3$9273[1, 1, 1, -1, 0, 1, -1, 1, 0]
BOX$C3$9273[1, 1, 1, -1, 0, 1, 0, 0, 0]
BOX$C3$9273[1, 1, 1, -1, 0, 1, 0, 1, -1]
BOX$C3$9273[1, 1, 1, -1, 0, 1, 0, 1, 0]
BOX$C3$9273[1, 1, 1, -1, 0, 1, 1, 0, 0]
BOX$C3$9273[1, 1, 1, -1, 0, 1, 1, 1, -1]
BOX$C3$9273[1, 1, 1, -1, 0, 1, 1, 1, 0]
BOX$C3$9273[1, 1, 1, 0, -2, 0, 1, 1, 0]
BOX$C3$9273[1, 1, 1, 0, -2, 1, 1, 0, 0]
BOX$C3$9273[1, 1, 1, 0, -2, 1, 1, 1, 0]
BOX$C3$9273[1, 1, 1, 0, -1, -1, 1, 1, 0]
BOX$C3$9273[1, 1, 1, 0, -1, 0, 0, 1, 0]
BOX$C3$9273[1, 1, 1, 0, -1, 0, 1, 0, 0]
BOX$C3$9273[1, 1, 1, 0, -1, 0, 1, 1, -1]
BOX$C3$9273[1, 1, 1, 0, -1, 0, 1, 1, 0]
BOX$C3$9273[1, 1, 1, 0, -1, 1, 0, 0, 0]
BOX$C3$9273[1, 1, 1, 0, -1, 1, 0, 1, 0]
BOX$C3$9273[1, 1, 1, 0, -1, 1, 1, 0, 0]
BOX$C3$9273[1, 1, 1, 0, -1, 1, 1, 1, -1]
BOX$C3$9273[1, 1, 1, 0, -1, 1, 1, 1, 0]
BOX$C3$9273[1, 1, 1, 0, 0, -1, 1, 1, -1]
BOX$C3$9273[1, 1, 1, 0, 0, -1, 1, 1, 0]
BOX$C3$9273[1, 1, 1, 0, 0, 0, 0, 0, 0]
BOX$C3$9273[1, 1, 1, 0, 0, 0, 0, 1, -1]
BOX$C3$9273[1, 1, 1, 0, 0, 0, 0, 1, 0]
BOX$C3$9273[1, 1, 1, 0, 0, 0, 1, 0, -1]
BOX$C3$9273[1, 1, 1, 0, 0, 0, 1, 0, 0]
BOX$C3$9273[1, 1, 1, 0, 0, 0, 1, 1, -2]
BOX$C3$9273[1, 1, 1, 0, 0, 0, 1, 1, -1]
BOX$C3$9273[1, 1, 1, 0, 0, 0, 1, 1, 0]
BOX$C3$9273[1, 1, 1, 0, 0, 1, -1, 0, 0]
BOX$C3$9273[1, 1, 1, 0, 0, 1, -1, 1, 0]
BOX$C3$9273[1, 1, 1, 0, 0, 1, 0, -1, 0]
BOX$C3$9273[1, 1, 1, 0, 0, 1, 0, 0, -1]
BOX$C3$9273[1, 1, 1, 0, 0, 1, 0, 0, 0]
BOX$C3$9273[1, 1, 1, 0, 0, 1, 0, 1, -1]
BOX$C3$9273[1, 1, 1, 0, 0, 1, 0, 1, 0]
BOX$C3$9273[1, 1, 1, 0, 0, 1, 1, -1, 0]
BOX$C3$9273[1, 1, 1, 0, 0, 1, 1, 0, -1]
BOX$C3$9273[1, 1, 1, 0, 0, 1, 1, 0, 0]
BOX$C3$9273[1, 1, 1, 0, 0, 1, 1, 1, -2]
BOX$C3$9273[1, 1, 1, 0, 0, 1, 1, 1, -1]
BOX$C3$9273[1, 1, 1, 0, 0, 1, 1, 1, 0]
BOX$C3$9273[1, 1, 0, -1, 0, 1, 1, 1, -1]
BOX$C3$9273[1, 1, 1, -1, 0, 1, 1, 0, -1]
BOX$C3$9273[1, 1, 1, -1, 0, 1, 1, 1, -2]
BOX$C3$9273[1, 1, 1, 0, -1, 1, 1, -1, 0]
BOX$C3$9273[1, 1, 1, 0, -1, 1, 1, 0, -1]
BOX$C3$9273[-1, 1, 1, 0, -1, 1, 1, 1, 0]
BOX$C3$9273[-1, 1, 1, 0, 0, 1, 0, 1, 0]
BOX$C3$9273[-1, 1, 1, 0, 0, 1, 1, 1, 0]
BOX$C3$9273[0, 0, 1, -1, 0, 1, 1, 1, 0]
BOX$C3$9273[0, 0, 1, 0, 0, 0, 1, 1, 0]
BOX$C3$9273[0, 0, 1, 0, 0, 1, 1, 1, 0]
BOX$C3$9273[0, 1, 0, 0, 0, 1, 1, 1, 0]
BOX$C3$9273[0, 1, 1, -1, -1, 1, 1, 1, 0]
BOX$C3$9273[0, 1, 1, -1, 0, 1, 0, 1, 0]
BOX$C3$9273[0, 1, 1, -1, 0, 1, 1, 1, 0]
BOX$C3$9273[0, 1, 1, 0, -1, 0, 1, 1, 0]
BOX$C3$9273[0, 1, 1, 0, -1, 1, 1, 1, 0]
BOX$C3$9273[0, 1, 1, 0, 0, 0, 0, 1, 0]
BOX$C3$9273[0, 1, 1, 0, 0, 0, 1, 1, 0]
BOX$C3$9273[0, 1, 1, 0, 0, 1, 0, 1, 0]
BOX$C3$9273[0, 1, 1, 0, 0, 1, 1, 0, 0]
BOX$C3$9273[0, 1, 1, 0, 0, 1, 1, 1, -1]
BOX$C3$9273[0, 1, 1, 0, 0, 1, 1, 1, 0]
BOX$C3$9273[1, 0, 1, -2, 0, 1, 1, 1, 0]
BOX$C3$9273[1, 0, 1, -1, 0, 0, 1, 1, 0]
BOX$C3$9273[1, 0, 1, -1, 0, 1, 1, 1, 0]
BOX$C3$9273[1, 0, 1, 0, 0, -1, 1, 1, 0]
BOX$C3$9273[1, 0, 1, 0, 0, 0, 1, 1, 0]
BOX$C3$9273[1, 0, 1, 0, 0, 1, 1, 0, 0]
BOX$C3$9273[1, 0, 1, 0, 0, 1, 1, 1, 0]
BOX$C3$9273[1, 1, 0, -1, 0, 1, 1, 1, 0]
BOX$C3$9273[1, 1, 0, 0, 0, 0, 1, 1, 0]
BOX$C3$9273[1, 1, 0, 0, 0, 1, 1, 1, 0]
BOX$C3$9273[1, 1, 1, -2, 0, 1, 0, 1, 0]
BOX$C3$9273[1, 1, 1, -2, 0, 1, 1, 1, 0]
BOX$C3$9273[1, 1, 1, -1, -1, 0, 1, 1, 0]
BOX$C3$9273[1, 1, 1, -1, -1, 1, 1, 1, 0]
BOX$C3$9273[1, 1, 1, -1, 0, 0, 0, 1, 0]
BOX$C3$9273[1, 1, 1, -1, 0, 0, 1, 1, 0]
BOX$C3$9273[1, 1, 1, -1, 0, 1, 0, 1, 0]
BOX$C3$9273[1, 1, 1, -1, 0, 1, 1, 0, 0]
BOX$C3$9273[1, 1, 1, -1, 0, 1, 1, 1, -1]
BOX$C3$9273[1, 1, 1, -1, 0, 1, 1, 1, 0]
BOX$C3$9273[1, 1, 1, 0, -1, -1, 1, 1, 0]
BOX$C3$9273[1, 1, 1, 0, -1, 0, 1, 1, 0]
BOX$C3$9273[1, 1, 1, 0, -1, 1, 1, 0, 0]
BOX$C3$9273[1, 1, 1, 0, -1, 1, 1, 1, 0]
BOX$C3$9273[1, 1, 1, 0, 0, -1, 1, 1, 0]
BOX$C3$9273[1, 1, 1, 0, 0, 0, 0, 1, 0]
BOX$C3$9273[1, 1, 1, 0, 0, 0, 1, 0, 0]
BOX$C3$9273[1, 1, 1, 0, 0, 0, 1, 1, -1]
BOX$C3$9273[1, 1, 1, 0, 0, 0, 1, 1, 0]
BOX$C3$9273[1, 1, 1, 0, 0, 1, 0, 0, 0]
BOX$C3$9273[1, 1, 1, 0, 0, 1, 0, 1, 0]
BOX$C3$9273[1, 1, 1, 0, 0, 1, 1, -1, 0]
BOX$C3$9273[1, 1, 1, 0, 0, 1, 1, 0, -1]
BOX$C3$9273[1, 1, 1, 0, 0, 1, 1, 0, 0]
BOX$C3$9273[1, 1, 1, 0, 0, 1, 1, 1, -1]
BOX$C3$9273[1, 1, 1, 0, 0, 1, 1, 1, 0]
BOX$C3$9273[0, 1, 1, -1, 0, 1, 1, 1, -1]
BOX$C3$9273[0, 1, 1, 0, -1, 1, 1, 0, 0]
BOX$C3$9273[0, 1, 1, 0, 0, 0, 1, 1, -1]
BOX$C3$9273[0, 1, 1, 0, 0, 1, 0, 0, 0]
BOX$C3$9273[1, 0, 1, -1, 0, 1, 1, 0, 0]
BOX$C3$9273[1, 0, 1, 0, 0, 0, 1, 0, 0]
BOX$C3$9273[1, 1, 0, 0, 0, 1, 1, 0, 0]
BOX$C3$9273[1, 1, 1, -2, 0, 1, 1, 1, -1]
BOX$C3$9273[1, 1, 1, -1, -1, 1, 1, 0, 0]
BOX$C3$9273[1, 1, 1, -1, 0, 0, 1, 1, -1]
BOX$C3$9273[1, 1, 1, -1, 0, 1, 0, 0, 0]
BOX$C3$9273[1, 1, 1, 0, -1, 0, 1, 0, 0]
BOX$C3$9273[-1, 1, 1, 0, 0, 1, 1, 1, -1]
BOX$C3$9273[0, 0, 0, 0, 0, 1, 1, 1, 0]
BOX$C3$9273[0, 0, 1, 0, -1, 1, 1, 1, 0]
BOX$C3$9273[0, 0, 1, 0, 0, 1, 0, 1, 0]
BOX$C3$9273[0, 0, 1, 0, 0, 1, 1, 0, 0]
BOX$C3$9273[0, 0, 1, 0, 0, 1, 1, 1, -1]
BOX$C3$9273[0, 1, 0, 0, -1, 1, 1, 1, 0]
BOX$C3$9273[0, 1, 0, 0, 0, 1, 0, 1, 0]
BOX$C3$9273[0, 1, 0, 0, 0, 1, 1, 1, -1]
BOX$C3$9273[0, 1, 1, 0, -2, 1, 1, 1, 0]
BOX$C3$9273[0, 1, 1, 0, -1, 1, 0, 1, 0]
BOX$C3$9273[0, 1, 1, 0, -1, 1, 1, 1, -1]
BOX$C3$9273[0, 1, 1, 0, 0, 1, -1, 1, 0]
BOX$C3$9273[0, 1, 1, 0, 0, 1, 0, 1, -1]
BOX$C3$9273[0, 1, 1, 0, 0, 1, 1, 1, -2]
BOX$C3$9273[1, -1, 1, -1, 0, 1, 1, 1, 0]
BOX$C3$9273[1, -1, 1, 0, 0, 0, 1, 1, 0]
BOX$C3$9273[1, -1, 1, 0, 0, 1, 1, 0, 0]
BOX$C3$9273[1, -1, 1, 0, 0, 1, 1, 1, 0]
BOX$C3$9273[1, 0, 0, -1, 0, 1, 1, 1, 0]
BOX$C3$9273[1, 0, 0, 0, 0, 0, 1, 1, 0]
BOX$C3$9273[1, 0, 0, 0, 0, 1, 1, 0, 0]
BOX$C3$9273[1, 0, 0, 0, 0, 1, 1, 1, 0]
BOX$C3$9273[1, 0, 1, -1, -1, 1, 1, 1, 0]
BOX$C3$9273[1, 0, 1, -1, 0, 1, 0, 1, 0]
BOX$C3$9273[1, 0, 1, -1, 0, 1, 1, 1, -1]
BOX$C3$9273[1, 0, 1, 0, -1, 0, 1, 1, 0]
BOX$C3$9273[1, 0, 1, 0, -1, 1, 1, 0, 0]
BOX$C3$9273[1, 0, 1, 0, -1, 1, 1, 1, 0]
BOX$C3$9273[1, 0, 1, 0, 0, 0, 0, 1, 0]
BOX$C3$9273[1, 0, 1, 0, 0, 0, 1, 1, -1]
BOX$C3$9273[1, 0, 1, 0, 0, 1, 0, 0, 0]
BOX$C3$9273[1, 0, 1, 0, 0, 1, 0, 1, 0]
BOX$C3$9273[1, 0, 1, 0, 0, 1, 1, 0, -1]
BOX$C3$9273[1, 0, 1, 0, 0, 1, 1, 1, -1]
BOX$C3$9273[1, 1, -1, 0, 0, 1, 1, 1, 0]
BOX$C3$9273[1, 1, 0, -1, -1, 1, 1, 1, 0]
BOX$C3$9273[1, 1, 0, -1, 0, 1, 0, 1, 0]
BOX$C3$9273[1, 1, 0, 0, -1, 0, 1, 1, 0]
BOX$C3$9273[1, 1, 0, 0, -1, 1, 1, 0, 0]
BOX$C3$9273[1, 1, 0, 0, -1, 1, 1, 1, 0]
BOX$C3$9273[1, 1, 0, 0, 0, 0, 0, 1, 0]
BOX$C3$9273[1, 1, 0, 0, 0, 0, 1, 1, -1]
BOX$C3$9273[1, 1, 0, 0, 0, 1, 0, 0, 0]
BOX$C3$9273[1, 1, 0, 0, 0, 1, 0, 1, 0]
BOX$C3$9273[1, 1, 0, 0, 0, 1, 1, 0, -1]
BOX$C3$9273[1, 1, 0, 0, 0, 1, 1, 1, -1]
BOX$C3$9273[1, 1, 1, -1, -1, 1, 0, 1, 0]
BOX$C3$9273[1, 1, 1, -1, -1, 1, 1, 1, -1]
BOX$C3$9273[1, 1, 1, -1, 0, 1, -1, 1, 0]
BOX$C3$9273[1, 1, 1, -1, 0, 1, 0, 1, -1]
BOX$C3$9273[1, 1, 1, 0, -2, 0, 1, 1, 0]
BOX$C3$9273[1, 1, 1, 0, -2, 1, 1, 0, 0]
BOX$C3$9273[1, 1, 1, 0, -2, 1, 1, 1, 0]
BOX$C3$9273[1, 1, 1, 0, -1, 0, 0, 1, 0]
BOX$C3$9273[1, 1, 1, 0, -1, 0, 1, 1, -1]
BOX$C3$9273[1, 1, 1, 0, -1, 1, 0, 0, 0]
BOX$C3$9273[1, 1, 1, 0, -1, 1, 0, 1, 0]
BOX$C3$9273[1, 1, 1, 0, -1, 1, 1, 1, -1]
BOX$C3$9273[1, 1, 1, 0, 0, -1, 1, 1, -1]
BOX$C3$9273[1, 1, 1, 0, 0, 0, 0, 0, 0]
BOX$C3$9273[1, 1, 1, 0, 0, 0, 0, 1, -1]
BOX$C3$9273[1, 1, 1, 0, 0, 0, 1, 1, -2]
BOX$C3$9273[1, 1, 1, 0, 0, 1, -1, 0, 0]
BOX$C3$9273[1, 1, 1, 0, 0, 1, -1, 1, 0]
BOX$C3$9273[1, 1, 1, 0, 0, 1, 0, 0, -1]
BOX$C3$9273[1, 1, 1, 0, 0, 1, 0, 1, -1]
BOX$C3$9273[1, 1, 1, 0, 0, 1, 1, 1, -2]
BOX$C3$9273[0, 1, 1, 0, 0, 1, 1, 0, -1]
BOX$C3$9273[1, 0, 1, 0, 0, 1, 1, -1, 0]
BOX$C3$9273[1, 1, 0, -1, 0, 1, 1, 1, -1]
BOX$C3$9273[1, 1, 1, -1, 0, 1, 1, 0, -1]
BOX$C3$9273[1, 1, 1, -1, 0, 1, 1, 1, -2]
BOX$C3$9273[1, 1, 1, 0, -1, 1, 1, -1, 0]
BOX$C3$9273[1, 1, 1, 0, -1, 1, 1, 0, -1]
BOX$C3$9273[1, 1, 1, 0, 0, 0, 1, 0, -1]
BOX$C3$9273[1, 1, 1, 0, 0, 1, 0, -1, 0]
BOX$C3$9273[0, 1, 1, 0, 0, 1, 1, 2, 0]
BOX$C3$9273[0, 1, 1, 0, 0, 2, 1, 1, 0]
BOX$C3$9273[0, 1, 2, 0, 0, 1, 1, 1, 0]
BOX$C3$9273[1, 0, 1, 0, 0, 1, 2, 1, 0]
BOX$C3$9273[1, 0, 2, 0, 0, 1, 1, 1, 0]
BOX$C3$9273[1, 1, 1, -1, 0, 1, 1, 2, 0]
BOX$C3$9273[1, 1, 1, -1, 0, 2, 1, 1, 0]
BOX$C3$9273[1, 1, 1, 0, -1, 1, 2, 1, 0]
BOX$C3$9273[1, 1, 1, 0, 0, 0, 1, 2, 0]
BOX$C3$9273[1, 1, 1, 0, 0, 1, 1, 2, 0]
BOX$C3$9273[1, 1, 1, 0, 0, 1, 2, 1, -1]
BOX$C3$9273[1, 1, 1, 0, 0, 1, 2, 1, 0]
BOX$C3$9273[1, 1, 1, 0, 0, 2, 1, 0, 0]
BOX$C3$9273[1, 1, 1, 0, 0, 2, 1, 1, 0]
BOX$C3$9273[1, 1, 2, -1, 0, 1, 1, 1, 0]
BOX$C3$9273[1, 1, 2, 0, -1, 1, 1, 1, 0]
BOX$C3$9273[1, 1, 2, 0, 0, 0, 1, 1, 0]
BOX$C3$9273[1, 1, 2, 0, 0, 1, 0, 1, 0]
BOX$C3$9273[1, 1, 2, 0, 0, 1, 1, 0, 0]
BOX$C3$9273[1, 1, 2, 0, 0, 1, 1, 1, -1]
BOX$C3$9273[1, 1, 2, 0, 0, 1, 1, 1, 0]
BOX$C3$9273[1, 2, 1, 0, -1, 1, 1, 1, 0]
BOX$C3$9273[1, 2, 1, 0, 0, 1, 0, 1, 0]
BOX$C3$9273[1, 2, 1, 0, 0, 1, 1, 1, -1]
BOX$C3$9273[1, 2, 1, 0, 0, 1, 1, 1, 0]
BOX$C3$9273[2, 1, 1, -1, 0, 1, 1, 1, 0]
BOX$C3$9273[2, 1, 1, 0, 0, 0, 1, 1, 0]
BOX$C3$9273[2, 1, 1, 0, 0, 1, 1, 0, 0]
BOX$C3$9273[2, 1, 1, 0, 0, 1, 1, 1, 0]
BOX$C3$9273[0, 1, 2, 0, 0, 1, 1, 1, 0]
BOX$C3$9273[1, 0, 1, 0, 0, 1, 2, 1, 0]
BOX$C3$9273[1, 0, 2, 0, 0, 1, 1, 1, 0]
BOX$C3$9273[1, 1, 1, 0, -1, 1, 2, 1, 0]
BOX$C3$9273[1, 1, 1, 0, 0, 1, 2, 1, 0]
BOX$C3$9273[1, 1, 2, -1, 0, 1, 1, 1, 0]
BOX$C3$9273[1, 1, 2, 0, -1, 1, 1, 1, 0]
BOX$C3$9273[1, 1, 2, 0, 0, 0, 1, 1, 0]
BOX$C3$9273[1, 1, 2, 0, 0, 1, 0, 1, 0]
BOX$C3$9273[1, 1, 2, 0, 0, 1, 1, 1, 0]
BOX$C3$9273[1, 2, 1, 0, -1, 1, 1, 1, 0]
BOX$C3$9273[1, 2, 1, 0, 0, 1, 0, 1, 0]
BOX$C3$9273[1, 2, 1, 0, 0, 1, 1, 1, 0]
BOX$C3$9273[0, 1, 1, 0, 0, 1, 1, 2, 0]
BOX$C3$9273[0, 1, 1, 0, 0, 2, 1, 1, 0]
BOX$C3$9273[1, 1, 1, -1, 0, 1, 1, 2, 0]
BOX$C3$9273[1, 1, 1, -1, 0, 2, 1, 1, 0]
BOX$C3$9273[1, 1, 1, 0, 0, 0, 1, 2, 0]
BOX$C3$9273[1, 1, 1, 0, 0, 1, 1, 2, 0]
BOX$C3$9273[1, 1, 1, 0, 0, 1, 2, 1, -1]
BOX$C3$9273[1, 1, 1, 0, 0, 2, 1, 0, 0]
BOX$C3$9273[1, 1, 1, 0, 0, 2, 1, 1, 0]
BOX$C3$9273[1, 1, 2, 0, 0, 1, 1, 0, 0]
BOX$C3$9273[1, 1, 2, 0, 0, 1, 1, 1, -1]
BOX$C3$9273[1, 2, 1, 0, 0, 1, 1, 1, -1]
BOX$C3$9273[2, 1, 1, -1, 0, 1, 1, 1, 0]
BOX$C3$9273[2, 1, 1, 0, 0, 0, 1, 1, 0]
BOX$C3$9273[2, 1, 1, 0, 0, 1, 1, 0, 0]
BOX$C3$9273[2, 1, 1, 0, 0, 1, 1, 1, 0]
BOX$C3$9273[1, 1, 1, 0, 0, 1, 2, 2, 0]
BOX$C3$9273[1, 1, 1, 0, 0, 2, 2, 1, 0]
BOX$C3$9273[1, 1, 2, 0, 0, 1, 1, 2, 0]
BOX$C3$9273[1, 1, 2, 0, 0, 1, 2, 1, 0]
BOX$C3$9273[1, 1, 2, 0, 0, 2, 1, 1, 0]
BOX$C3$9273[1, 2, 1, 0, 0, 1, 1, 2, 0]
BOX$C3$9273[1, 2, 1, 0, 0, 2, 1, 1, 0]
BOX$C3$9273[1, 2, 2, 0, 0, 1, 1, 1, 0]
BOX$C3$9273[2, 1, 1, 0, 0, 1, 2, 1, 0]
BOX$C3$9273[2, 1, 2, 0, 0, 1, 1, 1, 0]
BOX$C3$9273[2, 2, 1, 0, 0, 1, 1, 1, 0]
BOX$C3$9273[1, 1, 1, 0, 0, 1, 2, 2, 0]
BOX$C3$9273[1, 1, 1, 0, 0, 2, 2, 1, 0]
BOX$C3$9273[1, 1, 2, 0, 0, 1, 1, 2, 0]
BOX$C3$9273[1, 1, 2, 0, 0, 1, 2, 1, 0]
BOX$C3$9273[1, 1, 2, 0, 0, 2, 1, 1, 0]
BOX$C3$9273[1, 2, 1, 0, 0, 1, 1, 2, 0]
BOX$C3$9273[1, 2, 1, 0, 0, 2, 1, 1, 0]
BOX$C3$9273[1, 2, 2, 0, 0, 1, 1, 1, 0]
BOX$C3$9273[2, 1, 1, 0, 0, 1, 2, 1, 0]
BOX$C3$9273[2, 1, 2, 0, 0, 1, 1, 1, 0]
BOX$C3$9273[2, 2, 1, 0, 0, 1, 1, 1, 0]