BOX$A2$11188[-1, 1, 0, 0, 0, 1, 0, 1, 1]
BOX$A2$11188[-1, 1, 1, -1, 0, 1, 0, 1, 1]
BOX$A2$11188[-1, 1, 1, 0, -1, 1, 0, 1, 1]
BOX$A2$11188[-1, 1, 1, 0, 0, 0, 0, 1, 1]
BOX$A2$11188[-1, 1, 1, 0, 0, 1, -1, 1, 1]
BOX$A2$11188[-1, 1, 1, 0, 0, 1, 0, 0, 1]
BOX$A2$11188[-1, 1, 1, 0, 0, 1, 0, 1, 0]
BOX$A2$11188[-1, 1, 1, 0, 0, 1, 0, 1, 1]
BOX$A2$11188[0, 0, 1, -1, 0, 1, 0, 1, 1]
BOX$A2$11188[0, 0, 1, 0, 0, 0, 0, 1, 1]
BOX$A2$11188[0, 0, 1, 0, 0, 1, 0, 0, 1]
BOX$A2$11188[0, 0, 1, 0, 0, 1, 0, 1, 1]
BOX$A2$11188[0, 1, 0, -1, 0, 1, 0, 1, 1]
BOX$A2$11188[0, 1, 0, 0, 0, 0, 0, 1, 1]
BOX$A2$11188[0, 1, 0, 0, 0, 1, 0, 0, 1]
BOX$A2$11188[0, 1, 0, 0, 0, 1, 0, 1, 1]
BOX$A2$11188[0, 1, 1, -2, 0, 1, 0, 1, 1]
BOX$A2$11188[0, 1, 1, -1, -1, 1, 0, 1, 1]
BOX$A2$11188[0, 1, 1, -1, 0, 0, 0, 1, 1]
BOX$A2$11188[0, 1, 1, -1, 0, 1, -1, 1, 1]
BOX$A2$11188[0, 1, 1, -1, 0, 1, 0, 0, 1]
BOX$A2$11188[0, 1, 1, -1, 0, 1, 0, 1, 0]
BOX$A2$11188[0, 1, 1, -1, 0, 1, 0, 1, 1]
BOX$A2$11188[0, 1, 1, 0, -1, 0, 0, 1, 1]
BOX$A2$11188[0, 1, 1, 0, -1, 1, 0, 0, 1]
BOX$A2$11188[0, 1, 1, 0, -1, 1, 0, 1, 1]
BOX$A2$11188[0, 1, 1, 0, 0, -1, 0, 1, 1]
BOX$A2$11188[0, 1, 1, 0, 0, 0, -1, 1, 1]
BOX$A2$11188[0, 1, 1, 0, 0, 0, 0, 0, 1]
BOX$A2$11188[0, 1, 1, 0, 0, 0, 0, 1, 0]
BOX$A2$11188[0, 1, 1, 0, 0, 0, 0, 1, 1]
BOX$A2$11188[0, 1, 1, 0, 0, 1, -1, 0, 1]
BOX$A2$11188[0, 1, 1, 0, 0, 1, -1, 1, 1]
BOX$A2$11188[0, 1, 1, 0, 0, 1, 0, -1, 1]
BOX$A2$11188[0, 1, 1, 0, 0, 1, 0, 0, 0]
BOX$A2$11188[0, 1, 1, 0, 0, 1, 0, 0, 1]
BOX$A2$11188[0, 1, 1, 0, 0, 1, 0, 1, 0]
BOX$A2$11188[0, 1, 1, 0, 0, 1, 0, 1, 1]
BOX$A2$11188[1, 0, 1, -2, 0, 1, 0, 1, 1]
BOX$A2$11188[1, 0, 1, -1, 0, 0, 0, 1, 1]
BOX$A2$11188[1, 0, 1, -1, 0, 1, 0, 0, 1]
BOX$A2$11188[1, 0, 1, -1, 0, 1, 0, 1, 1]
BOX$A2$11188[1, 0, 1, 0, 0, -1, 0, 1, 1]
BOX$A2$11188[1, 0, 1, 0, 0, 0, 0, 0, 1]
BOX$A2$11188[1, 0, 1, 0, 0, 0, 0, 1, 1]
BOX$A2$11188[1, 0, 1, 0, 0, 1, 0, -1, 1]
BOX$A2$11188[1, 0, 1, 0, 0, 1, 0, 0, 1]
BOX$A2$11188[1, 0, 1, 0, 0, 1, 0, 1, 1]
BOX$A2$11188[1, 1, 0, -2, 0, 1, 0, 1, 1]
BOX$A2$11188[1, 1, 0, -1, 0, 0, 0, 1, 1]
BOX$A2$11188[1, 1, 0, -1, 0, 1, 0, 0, 1]
BOX$A2$11188[1, 1, 0, -1, 0, 1, 0, 1, 1]
BOX$A2$11188[1, 1, 0, 0, 0, -1, 0, 1, 1]
BOX$A2$11188[1, 1, 0, 0, 0, 0, 0, 0, 1]
BOX$A2$11188[1, 1, 0, 0, 0, 0, 0, 1, 1]
BOX$A2$11188[1, 1, 0, 0, 0, 1, 0, -1, 1]
BOX$A2$11188[1, 1, 0, 0, 0, 1, 0, 0, 1]
BOX$A2$11188[1, 1, 0, 0, 0, 1, 0, 1, 1]
BOX$A2$11188[1, 1, 1, -2, 0, 1, 0, 0, 1]
BOX$A2$11188[1, 1, 1, -2, 0, 1, 0, 1, 0]
BOX$A2$11188[1, 1, 1, -2, 0, 1, 0, 1, 1]
BOX$A2$11188[1, 1, 1, -1, 0, 0, 0, 0, 1]
BOX$A2$11188[1, 1, 1, -1, 0, 0, 0, 1, 0]
BOX$A2$11188[1, 1, 1, -1, 0, 0, 0, 1, 1]
BOX$A2$11188[1, 1, 1, -1, 0, 1, 0, -1, 1]
BOX$A2$11188[1, 1, 1, -1, 0, 1, 0, 0, 0]
BOX$A2$11188[1, 1, 1, -1, 0, 1, 0, 0, 1]
BOX$A2$11188[1, 1, 1, -1, 0, 1, 0, 1, 0]
BOX$A2$11188[1, 1, 1, -1, 0, 1, 0, 1, 1]
BOX$A2$11188[1, 1, 1, 0, 0, -1, 0, 0, 1]
BOX$A2$11188[1, 1, 1, 0, 0, -1, 0, 1, 0]
BOX$A2$11188[1, 1, 1, 0, 0, -1, 0, 1, 1]
BOX$A2$11188[1, 1, 1, 0, 0, 0, 0, -1, 1]
BOX$A2$11188[1, 1, 1, 0, 0, 0, 0, 0, 0]
BOX$A2$11188[1, 1, 1, 0, 0, 0, 0, 0, 1]
BOX$A2$11188[1, 1, 1, 0, 0, 0, 0, 1, 0]
BOX$A2$11188[1, 1, 1, 0, 0, 0, 0, 1, 1]
BOX$A2$11188[1, 1, 1, 0, 0, 1, 0, -2, 1]
BOX$A2$11188[1, 1, 1, 0, 0, 1, 0, -1, 0]
BOX$A2$11188[1, 1, 1, 0, 0, 1, 0, -1, 1]
BOX$A2$11188[1, 1, 1, 0, 0, 1, 0, 0, 0]
BOX$A2$11188[1, 1, 1, 0, 0, 1, 0, 0, 1]
BOX$A2$11188[1, 1, 1, 0, 0, 1, 0, 1, 0]
BOX$A2$11188[1, 1, 1, 0, 0, 1, 0, 1, 1]
BOX$A2$11188[0, 1, 0, 0, 0, 1, 0, 1, 0]
BOX$A2$11188[0, 1, 1, 0, -1, 1, 0, 1, 0]
BOX$A2$11188[0, 1, 1, 0, 0, 1, -1, 1, 0]
BOX$A2$11188[0, 1, 1, 0, 0, 1, 0, 1, -1]
BOX$A2$11188[1, 0, 1, -1, 0, 1, 0, 1, 0]
BOX$A2$11188[1, 0, 1, 0, 0, 0, 0, 1, 0]
BOX$A2$11188[1, 0, 1, 0, 0, 1, 0, 0, 0]
BOX$A2$11188[1, 0, 1, 0, 0, 1, 0, 1, 0]
BOX$A2$11188[1, 1, 0, -1, 0, 1, 0, 1, 0]
BOX$A2$11188[1, 1, 0, 0, 0, 0, 0, 1, 0]
BOX$A2$11188[1, 1, 0, 0, 0, 1, 0, 0, 0]
BOX$A2$11188[1, 1, 0, 0, 0, 1, 0, 1, 0]
BOX$A2$11188[1, 1, 1, -1, -1, 1, 0, 1, 0]
BOX$A2$11188[1, 1, 1, -1, 0, 1, -1, 1, 0]
BOX$A2$11188[1, 1, 1, -1, 0, 1, 0, 1, -1]
BOX$A2$11188[1, 1, 1, 0, -1, 0, 0, 1, 0]
BOX$A2$11188[1, 1, 1, 0, -1, 1, 0, 0, 0]
BOX$A2$11188[1, 1, 1, 0, -1, 1, 0, 1, 0]
BOX$A2$11188[1, 1, 1, 0, 0, 0, -1, 1, 0]
BOX$A2$11188[1, 1, 1, 0, 0, 0, 0, 1, -1]
BOX$A2$11188[1, 1, 1, 0, 0, 1, -1, 0, 0]
BOX$A2$11188[1, 1, 1, 0, 0, 1, -1, 1, 0]
BOX$A2$11188[1, 1, 1, 0, 0, 1, 0, 0, -1]
BOX$A2$11188[1, 1, 1, 0, 0, 1, 0, 1, -1]
BOX$A2$11188[2, 0, 1, -2, 0, 1, 0, 1, 0]
BOX$A2$11188[2, 0, 1, -1, 0, 0, 0, 1, 0]
BOX$A2$11188[2, 0, 1, -1, 0, 1, 0, 0, 0]
BOX$A2$11188[2, 0, 1, -1, 0, 1, 0, 1, 0]
BOX$A2$11188[2, 0, 1, 0, 0, -1, 0, 1, 0]
BOX$A2$11188[2, 0, 1, 0, 0, 0, 0, 0, 0]
BOX$A2$11188[2, 0, 1, 0, 0, 0, 0, 1, 0]
BOX$A2$11188[2, 0, 1, 0, 0, 1, 0, -1, 0]
BOX$A2$11188[2, 0, 1, 0, 0, 1, 0, 0, 0]
BOX$A2$11188[2, 0, 1, 0, 0, 1, 0, 1, 0]
BOX$A2$11188[2, 1, 0, -2, 0, 1, 0, 1, 0]
BOX$A2$11188[2, 1, 0, -1, 0, 0, 0, 1, 0]
BOX$A2$11188[2, 1, 0, -1, 0, 1, 0, 0, 0]
BOX$A2$11188[2, 1, 0, -1, 0, 1, 0, 1, 0]
BOX$A2$11188[2, 1, 0, 0, 0, -1, 0, 1, 0]
BOX$A2$11188[2, 1, 0, 0, 0, 0, 0, 0, 0]
BOX$A2$11188[2, 1, 0, 0, 0, 0, 0, 1, 0]
BOX$A2$11188[2, 1, 0, 0, 0, 1, 0, -1, 0]
BOX$A2$11188[2, 1, 0, 0, 0, 1, 0, 0, 0]
BOX$A2$11188[2, 1, 0, 0, 0, 1, 0, 1, 0]
BOX$A2$11188[2, 1, 1, -2, 0, 1, 0, 1, 0]
BOX$A2$11188[2, 1, 1, -1, 0, 0, 0, 1, 0]
BOX$A2$11188[2, 1, 1, -1, 0, 1, 0, 0, 0]
BOX$A2$11188[2, 1, 1, -1, 0, 1, 0, 1, 0]
BOX$A2$11188[2, 1, 1, 0, 0, -1, 0, 1, 0]
BOX$A2$11188[2, 1, 1, 0, 0, 0, 0, 0, 0]
BOX$A2$11188[2, 1, 1, 0, 0, 0, 0, 1, 0]
BOX$A2$11188[2, 1, 1, 0, 0, 1, 0, -1, 0]
BOX$A2$11188[2, 1, 1, 0, 0, 1, 0, 0, 0]
BOX$A2$11188[2, 1, 1, 0, 0, 1, 0, 1, 0]
BOX$A2$11188[0, 1, 2, 0, 0, 1, 0, 1, 1]
BOX$A2$11188[1, 0, 1, 0, 0, 1, 0, 1, 2]
BOX$A2$11188[1, 0, 2, 0, 0, 1, 0, 1, 1]
BOX$A2$11188[1, 1, 0, 0, 0, 1, 0, 1, 2]
BOX$A2$11188[1, 1, 1, 0, 0, 1, 0, 0, 2]
BOX$A2$11188[1, 1, 1, 0, 0, 1, 0, 1, 2]
BOX$A2$11188[1, 1, 2, 0, 0, 1, 0, 0, 1]
BOX$A2$11188[1, 1, 2, 0, 0, 1, 0, 1, 0]
BOX$A2$11188[1, 1, 2, 0, 0, 1, 0, 1, 1]
BOX$A2$11188[1, 2, 0, 0, 0, 1, 0, 1, 1]
BOX$A2$11188[1, 2, 1, 0, 0, 1, 0, 0, 1]
BOX$A2$11188[1, 2, 1, 0, 0, 1, 0, 1, 0]
BOX$A2$11188[1, 2, 1, 0, 0, 1, 0, 1, 1]
BOX$A2$11188[2, 0, 2, 0, 0, 1, 0, 1, 0]
BOX$A2$11188[2, 1, 2, 0, 0, 1, 0, 1, 0]
BOX$A2$11188[2, 2, 0, 0, 0, 1, 0, 1, 0]
BOX$A2$11188[2, 2, 1, 0, 0, 1, 0, 1, 0]
BOX$A2$11188[1, 1, 1, 0, 0, 1, 0, 2, 2]
BOX$A2$11188[1, 1, 1, 0, 0, 2, 0, 1, 2]
BOX$A2$11188[1, 1, 2, 0, 0, 1, 0, 2, 1]
BOX$A2$11188[1, 1, 2, 0, 0, 2, 0, 1, 1]
BOX$A2$11188[1, 2, 1, 0, 0, 1, 0, 2, 1]
BOX$A2$11188[1, 2, 1, 0, 0, 2, 0, 1, 1]
BOX$A2$11188[2, 1, 1, 0, 0, 1, 0, 1, 2]
BOX$A2$11188[2, 1, 2, 0, 0, 1, 0, 1, 1]
BOX$A2$11188[2, 2, 1, 0, 0, 1, 0, 1, 1]
BOX$A2$11188[2, 2, 2, 0, 0, 1, 0, 1, 0]
BOX$A2$11188[2, 3, 1, 0, 0, 1, 0, 1, 0]