BOX$A2$6820[-1, 1, 0, 0, 0, 1, 0, 1, 1]
BOX$A2$6820[-1, 1, 1, -1, 0, 1, 0, 1, 1]
BOX$A2$6820[-1, 1, 1, 0, -1, 1, 0, 1, 1]
BOX$A2$6820[-1, 1, 1, 0, 0, 0, 0, 1, 1]
BOX$A2$6820[-1, 1, 1, 0, 0, 1, -1, 1, 1]
BOX$A2$6820[-1, 1, 1, 0, 0, 1, 0, 1, 0]
BOX$A2$6820[-1, 1, 1, 0, 0, 1, 0, 1, 1]
BOX$A2$6820[0, 0, 0, 0, 0, 1, 0, 1, 1]
BOX$A2$6820[0, 0, 1, -1, 0, 1, 0, 1, 1]
BOX$A2$6820[0, 0, 1, 0, -1, 1, 0, 1, 1]
BOX$A2$6820[0, 0, 1, 0, 0, 0, 0, 1, 1]
BOX$A2$6820[0, 0, 1, 0, 0, 1, -1, 1, 1]
BOX$A2$6820[0, 0, 1, 0, 0, 1, 0, 0, 1]
BOX$A2$6820[0, 0, 1, 0, 0, 1, 0, 1, 0]
BOX$A2$6820[0, 0, 1, 0, 0, 1, 0, 1, 1]
BOX$A2$6820[0, 1, -1, 0, 0, 1, 0, 1, 1]
BOX$A2$6820[0, 1, 0, -1, 0, 1, 0, 1, 1]
BOX$A2$6820[0, 1, 0, 0, -1, 1, 0, 1, 1]
BOX$A2$6820[0, 1, 0, 0, 0, 0, 0, 1, 1]
BOX$A2$6820[0, 1, 0, 0, 0, 1, -1, 1, 1]
BOX$A2$6820[0, 1, 0, 0, 0, 1, 0, 0, 1]
BOX$A2$6820[0, 1, 0, 0, 0, 1, 0, 1, 0]
BOX$A2$6820[0, 1, 0, 0, 0, 1, 0, 1, 1]
BOX$A2$6820[0, 1, 1, -2, 0, 1, 0, 1, 1]
BOX$A2$6820[0, 1, 1, -1, -1, 1, 0, 1, 1]
BOX$A2$6820[0, 1, 1, -1, 0, 0, 0, 1, 1]
BOX$A2$6820[0, 1, 1, -1, 0, 1, -1, 1, 1]
BOX$A2$6820[0, 1, 1, -1, 0, 1, 0, 0, 1]
BOX$A2$6820[0, 1, 1, -1, 0, 1, 0, 1, 0]
BOX$A2$6820[0, 1, 1, -1, 0, 1, 0, 1, 1]
BOX$A2$6820[0, 1, 1, 0, -2, 1, 0, 1, 1]
BOX$A2$6820[0, 1, 1, 0, -1, 0, 0, 1, 1]
BOX$A2$6820[0, 1, 1, 0, -1, 1, -1, 1, 1]
BOX$A2$6820[0, 1, 1, 0, -1, 1, 0, 0, 1]
BOX$A2$6820[0, 1, 1, 0, -1, 1, 0, 1, 0]
BOX$A2$6820[0, 1, 1, 0, -1, 1, 0, 1, 1]
BOX$A2$6820[0, 1, 1, 0, 0, -1, 0, 1, 1]
BOX$A2$6820[0, 1, 1, 0, 0, 0, -1, 1, 1]
BOX$A2$6820[0, 1, 1, 0, 0, 0, 0, 0, 1]
BOX$A2$6820[0, 1, 1, 0, 0, 0, 0, 1, 0]
BOX$A2$6820[0, 1, 1, 0, 0, 0, 0, 1, 1]
BOX$A2$6820[0, 1, 1, 0, 0, 1, -2, 1, 1]
BOX$A2$6820[0, 1, 1, 0, 0, 1, -1, 0, 1]
BOX$A2$6820[0, 1, 1, 0, 0, 1, -1, 1, 0]
BOX$A2$6820[0, 1, 1, 0, 0, 1, -1, 1, 1]
BOX$A2$6820[0, 1, 1, 0, 0, 1, 0, 0, 0]
BOX$A2$6820[0, 1, 1, 0, 0, 1, 0, 0, 1]
BOX$A2$6820[0, 1, 1, 0, 0, 1, 0, 1, -1]
BOX$A2$6820[0, 1, 1, 0, 0, 1, 0, 1, 0]
BOX$A2$6820[0, 1, 1, 0, 0, 1, 0, 1, 1]
BOX$A2$6820[1, -1, 1, -1, 0, 1, 0, 1, 1]
BOX$A2$6820[1, -1, 1, 0, 0, 0, 0, 1, 1]
BOX$A2$6820[1, -1, 1, 0, 0, 1, 0, 0, 1]
BOX$A2$6820[1, -1, 1, 0, 0, 1, 0, 1, 1]
BOX$A2$6820[1, 0, 0, -1, 0, 1, 0, 1, 1]
BOX$A2$6820[1, 0, 0, 0, 0, 0, 0, 1, 1]
BOX$A2$6820[1, 0, 0, 0, 0, 1, 0, 0, 1]
BOX$A2$6820[1, 0, 0, 0, 0, 1, 0, 1, 1]
BOX$A2$6820[1, 0, 1, -2, 0, 1, 0, 1, 1]
BOX$A2$6820[1, 0, 1, -1, -1, 1, 0, 1, 1]
BOX$A2$6820[1, 0, 1, -1, 0, 0, 0, 1, 1]
BOX$A2$6820[1, 0, 1, -1, 0, 1, -1, 1, 1]
BOX$A2$6820[1, 0, 1, -1, 0, 1, 0, 0, 1]
BOX$A2$6820[1, 0, 1, -1, 0, 1, 0, 1, 0]
BOX$A2$6820[1, 0, 1, -1, 0, 1, 0, 1, 1]
BOX$A2$6820[1, 0, 1, 0, -1, 0, 0, 1, 1]
BOX$A2$6820[1, 0, 1, 0, -1, 1, 0, 0, 1]
BOX$A2$6820[1, 0, 1, 0, -1, 1, 0, 1, 1]
BOX$A2$6820[1, 0, 1, 0, 0, -1, 0, 1, 1]
BOX$A2$6820[1, 0, 1, 0, 0, 0, -1, 1, 1]
BOX$A2$6820[1, 0, 1, 0, 0, 0, 0, 0, 1]
BOX$A2$6820[1, 0, 1, 0, 0, 0, 0, 1, 0]
BOX$A2$6820[1, 0, 1, 0, 0, 0, 0, 1, 1]
BOX$A2$6820[1, 0, 1, 0, 0, 1, -1, 0, 1]
BOX$A2$6820[1, 0, 1, 0, 0, 1, -1, 1, 1]
BOX$A2$6820[1, 0, 1, 0, 0, 1, 0, -1, 1]
BOX$A2$6820[1, 0, 1, 0, 0, 1, 0, 0, 0]
BOX$A2$6820[1, 0, 1, 0, 0, 1, 0, 0, 1]
BOX$A2$6820[1, 0, 1, 0, 0, 1, 0, 1, 0]
BOX$A2$6820[1, 0, 1, 0, 0, 1, 0, 1, 1]
BOX$A2$6820[1, 1, -1, -1, 0, 1, 0, 1, 1]
BOX$A2$6820[1, 1, -1, 0, 0, 0, 0, 1, 1]
BOX$A2$6820[1, 1, -1, 0, 0, 1, 0, 0, 1]
BOX$A2$6820[1, 1, -1, 0, 0, 1, 0, 1, 1]
BOX$A2$6820[1, 1, 0, -2, 0, 1, 0, 1, 1]
BOX$A2$6820[1, 1, 0, -1, -1, 1, 0, 1, 1]
BOX$A2$6820[1, 1, 0, -1, 0, 0, 0, 1, 1]
BOX$A2$6820[1, 1, 0, -1, 0, 1, -1, 1, 1]
BOX$A2$6820[1, 1, 0, -1, 0, 1, 0, 0, 1]
BOX$A2$6820[1, 1, 0, -1, 0, 1, 0, 1, 0]
BOX$A2$6820[1, 1, 0, -1, 0, 1, 0, 1, 1]
BOX$A2$6820[1, 1, 0, 0, -1, 0, 0, 1, 1]
BOX$A2$6820[1, 1, 0, 0, -1, 1, 0, 0, 1]
BOX$A2$6820[1, 1, 0, 0, -1, 1, 0, 1, 1]
BOX$A2$6820[1, 1, 0, 0, 0, -1, 0, 1, 1]
BOX$A2$6820[1, 1, 0, 0, 0, 0, -1, 1, 1]
BOX$A2$6820[1, 1, 0, 0, 0, 0, 0, 0, 1]
BOX$A2$6820[1, 1, 0, 0, 0, 0, 0, 1, 0]
BOX$A2$6820[1, 1, 0, 0, 0, 0, 0, 1, 1]
BOX$A2$6820[1, 1, 0, 0, 0, 1, -1, 0, 1]
BOX$A2$6820[1, 1, 0, 0, 0, 1, -1, 1, 1]
BOX$A2$6820[1, 1, 0, 0, 0, 1, 0, 0, 0]
BOX$A2$6820[1, 1, 0, 0, 0, 1, 0, 0, 1]
BOX$A2$6820[1, 1, 0, 0, 0, 1, 0, 1, 0]
BOX$A2$6820[1, 1, 0, 0, 0, 1, 0, 1, 1]
BOX$A2$6820[1, 1, 1, -3, 0, 1, 0, 1, 1]
BOX$A2$6820[1, 1, 1, -2, -1, 1, 0, 1, 1]
BOX$A2$6820[1, 1, 1, -2, 0, 0, 0, 1, 1]
BOX$A2$6820[1, 1, 1, -2, 0, 1, -1, 1, 1]
BOX$A2$6820[1, 1, 1, -2, 0, 1, 0, 0, 1]
BOX$A2$6820[1, 1, 1, -2, 0, 1, 0, 1, 0]
BOX$A2$6820[1, 1, 1, -2, 0, 1, 0, 1, 1]
BOX$A2$6820[1, 1, 1, -1, -2, 1, 0, 1, 1]
BOX$A2$6820[1, 1, 1, -1, -1, 0, 0, 1, 1]
BOX$A2$6820[1, 1, 1, -1, -1, 1, -1, 1, 1]
BOX$A2$6820[1, 1, 1, -1, -1, 1, 0, 0, 1]
BOX$A2$6820[1, 1, 1, -1, -1, 1, 0, 1, 0]
BOX$A2$6820[1, 1, 1, -1, -1, 1, 0, 1, 1]
BOX$A2$6820[1, 1, 1, -1, 0, -1, 0, 1, 1]
BOX$A2$6820[1, 1, 1, -1, 0, 0, -1, 1, 1]
BOX$A2$6820[1, 1, 1, -1, 0, 0, 0, 0, 1]
BOX$A2$6820[1, 1, 1, -1, 0, 0, 0, 1, 0]
BOX$A2$6820[1, 1, 1, -1, 0, 0, 0, 1, 1]
BOX$A2$6820[1, 1, 1, -1, 0, 1, -2, 1, 1]
BOX$A2$6820[1, 1, 1, -1, 0, 1, -1, 0, 1]
BOX$A2$6820[1, 1, 1, -1, 0, 1, -1, 1, 0]
BOX$A2$6820[1, 1, 1, -1, 0, 1, -1, 1, 1]
BOX$A2$6820[1, 1, 1, -1, 0, 1, 0, 0, 0]
BOX$A2$6820[1, 1, 1, -1, 0, 1, 0, 0, 1]
BOX$A2$6820[1, 1, 1, -1, 0, 1, 0, 1, -1]
BOX$A2$6820[1, 1, 1, -1, 0, 1, 0, 1, 0]
BOX$A2$6820[1, 1, 1, -1, 0, 1, 0, 1, 1]
BOX$A2$6820[1, 1, 1, 0, -2, 0, 0, 1, 1]
BOX$A2$6820[1, 1, 1, 0, -2, 1, 0, 0, 1]
BOX$A2$6820[1, 1, 1, 0, -2, 1, 0, 1, 1]
BOX$A2$6820[1, 1, 1, 0, -1, -1, 0, 1, 1]
BOX$A2$6820[1, 1, 1, 0, -1, 0, -1, 1, 1]
BOX$A2$6820[1, 1, 1, 0, -1, 0, 0, 0, 1]
BOX$A2$6820[1, 1, 1, 0, -1, 0, 0, 1, 0]
BOX$A2$6820[1, 1, 1, 0, -1, 0, 0, 1, 1]
BOX$A2$6820[1, 1, 1, 0, -1, 1, -1, 0, 1]
BOX$A2$6820[1, 1, 1, 0, -1, 1, -1, 1, 1]
BOX$A2$6820[1, 1, 1, 0, -1, 1, 0, 0, 0]
BOX$A2$6820[1, 1, 1, 0, -1, 1, 0, 0, 1]
BOX$A2$6820[1, 1, 1, 0, -1, 1, 0, 1, 0]
BOX$A2$6820[1, 1, 1, 0, -1, 1, 0, 1, 1]
BOX$A2$6820[1, 1, 1, 0, 0, -1, 0, 0, 1]
BOX$A2$6820[1, 1, 1, 0, 0, -1, 0, 1, 0]
BOX$A2$6820[1, 1, 1, 0, 0, -1, 0, 1, 1]
BOX$A2$6820[1, 1, 1, 0, 0, 0, -1, 0, 1]
BOX$A2$6820[1, 1, 1, 0, 0, 0, -1, 1, 0]
BOX$A2$6820[1, 1, 1, 0, 0, 0, -1, 1, 1]
BOX$A2$6820[1, 1, 1, 0, 0, 0, 0, 0, 0]
BOX$A2$6820[1, 1, 1, 0, 0, 0, 0, 0, 1]
BOX$A2$6820[1, 1, 1, 0, 0, 0, 0, 1, -1]
BOX$A2$6820[1, 1, 1, 0, 0, 0, 0, 1, 0]
BOX$A2$6820[1, 1, 1, 0, 0, 0, 0, 1, 1]
BOX$A2$6820[1, 1, 1, 0, 0, 1, -2, 0, 1]
BOX$A2$6820[1, 1, 1, 0, 0, 1, -2, 1, 1]
BOX$A2$6820[1, 1, 1, 0, 0, 1, -1, 0, 0]
BOX$A2$6820[1, 1, 1, 0, 0, 1, -1, 0, 1]
BOX$A2$6820[1, 1, 1, 0, 0, 1, -1, 1, 0]
BOX$A2$6820[1, 1, 1, 0, 0, 1, -1, 1, 1]
BOX$A2$6820[1, 1, 1, 0, 0, 1, 0, -1, 1]
BOX$A2$6820[1, 1, 1, 0, 0, 1, 0, 0, 0]
BOX$A2$6820[1, 1, 1, 0, 0, 1, 0, 0, 1]
BOX$A2$6820[1, 1, 1, 0, 0, 1, 0, 1, -1]
BOX$A2$6820[1, 1, 1, 0, 0, 1, 0, 1, 0]
BOX$A2$6820[1, 1, 1, 0, 0, 1, 0, 1, 1]
BOX$A2$6820[1, 1, 1, 0, 0, 1, 0, 0, -1]
BOX$A2$6820[2, 0, 1, -2, 0, 1, 0, 1, 0]
BOX$A2$6820[2, 0, 1, -1, 0, 0, 0, 1, 0]
BOX$A2$6820[2, 0, 1, -1, 0, 1, 0, 0, 0]
BOX$A2$6820[2, 0, 1, -1, 0, 1, 0, 1, 0]
BOX$A2$6820[2, 0, 1, 0, 0, -1, 0, 1, 0]
BOX$A2$6820[2, 0, 1, 0, 0, 0, 0, 0, 0]
BOX$A2$6820[2, 0, 1, 0, 0, 0, 0, 1, 0]
BOX$A2$6820[2, 0, 1, 0, 0, 1, 0, -1, 0]
BOX$A2$6820[2, 0, 1, 0, 0, 1, 0, 0, 0]
BOX$A2$6820[2, 0, 1, 0, 0, 1, 0, 1, 0]
BOX$A2$6820[2, 1, 0, -2, 0, 1, 0, 1, 0]
BOX$A2$6820[2, 1, 0, -1, 0, 0, 0, 1, 0]
BOX$A2$6820[2, 1, 0, -1, 0, 1, 0, 0, 0]
BOX$A2$6820[2, 1, 0, -1, 0, 1, 0, 1, 0]
BOX$A2$6820[2, 1, 0, 0, 0, -1, 0, 1, 0]
BOX$A2$6820[2, 1, 0, 0, 0, 0, 0, 0, 0]
BOX$A2$6820[2, 1, 0, 0, 0, 0, 0, 1, 0]
BOX$A2$6820[2, 1, 0, 0, 0, 1, 0, -1, 0]
BOX$A2$6820[2, 1, 0, 0, 0, 1, 0, 0, 0]
BOX$A2$6820[2, 1, 0, 0, 0, 1, 0, 1, 0]
BOX$A2$6820[2, 1, 1, -2, 0, 1, 0, 1, 0]
BOX$A2$6820[2, 1, 1, -1, 0, 0, 0, 1, 0]
BOX$A2$6820[2, 1, 1, -1, 0, 1, 0, 0, 0]
BOX$A2$6820[2, 1, 1, -1, 0, 1, 0, 1, 0]
BOX$A2$6820[2, 1, 1, 0, 0, -1, 0, 1, 0]
BOX$A2$6820[2, 1, 1, 0, 0, 0, 0, 0, 0]
BOX$A2$6820[2, 1, 1, 0, 0, 0, 0, 1, 0]
BOX$A2$6820[2, 1, 1, 0, 0, 1, 0, -1, 0]
BOX$A2$6820[2, 1, 1, 0, 0, 1, 0, 0, 0]
BOX$A2$6820[2, 1, 1, 0, 0, 1, 0, 1, 0]
BOX$A2$6820[0, 1, 2, 0, 0, 1, 0, 1, 1]
BOX$A2$6820[1, 0, 1, 0, 0, 1, 0, 1, 2]
BOX$A2$6820[1, 0, 2, 0, 0, 1, 0, 1, 1]
BOX$A2$6820[1, 1, 1, 0, 0, 1, 0, 1, 2]
BOX$A2$6820[1, 1, 1, 0, 0, 2, 0, 0, 1]
BOX$A2$6820[1, 1, 2, 0, 0, 1, 0, 0, 1]
BOX$A2$6820[1, 1, 2, 0, 0, 1, 0, 1, 0]
BOX$A2$6820[1, 1, 2, 0, 0, 1, 0, 1, 1]
BOX$A2$6820[1, 2, 1, 0, 0, 1, 0, 1, 1]
BOX$A2$6820[2, 1, 1, 0, 0, 1, 0, 0, 1]
BOX$A2$6820[2, 0, 2, 0, 0, 1, 0, 1, 0]
BOX$A2$6820[2, 1, 2, 0, 0, 1, 0, 1, 0]
BOX$A2$6820[2, 2, 0, 0, 0, 1, 0, 1, 0]
BOX$A2$6820[2, 2, 1, 0, 0, 1, 0, 1, 0]
BOX$A2$6820[1, 1, 1, 0, 0, 1, 0, 2, 2]
BOX$A2$6820[1, 1, 1, 0, 0, 2, 0, 1, 2]
BOX$A2$6820[1, 1, 2, 0, 0, 1, 0, 1, 2]
BOX$A2$6820[1, 1, 2, 0, 0, 1, 0, 2, 1]
BOX$A2$6820[1, 1, 2, 0, 0, 2, 0, 1, 1]
BOX$A2$6820[1, 2, 1, 0, 0, 1, 0, 2, 1]
BOX$A2$6820[1, 2, 1, 0, 0, 2, 0, 1, 1]
BOX$A2$6820[1, 2, 2, 0, 0, 1, 0, 1, 1]
BOX$A2$6820[2, 1, 1, 0, 0, 1, 0, 1, 2]
BOX$A2$6820[2, 1, 2, 0, 0, 1, 0, 1, 1]
BOX$A2$6820[2, 2, 1, 0, 0, 1, 0, 1, 1]
BOX$A2$6820[2, 2, 2, 0, 0, 1, 0, 1, 0]
BOX$A2$6820[2, 3, 1, 0, 0, 1, 0, 1, 0]