BOX$D1$196[-1, 0, 0, 1, 0, 1, 1, 1, 1]
BOX$D1$196[-1, 0, 1, 1, -1, 1, 0, 1, 1]
BOX$D1$196[-1, 0, 1, 1, -1, 1, 1, 1, 0]
BOX$D1$196[-1, 0, 1, 1, -1, 1, 1, 1, 1]
BOX$D1$196[-1, 0, 1, 1, 0, 0, 1, 1, 1]
BOX$D1$196[-1, 0, 1, 1, 0, 1, -1, 1, 1]
BOX$D1$196[-1, 0, 1, 1, 0, 1, 0, 1, 0]
BOX$D1$196[-1, 0, 1, 1, 0, 1, 0, 1, 1]
BOX$D1$196[-1, 0, 1, 1, 0, 1, 1, 1, 0]
BOX$D1$196[-1, 0, 1, 1, 0, 1, 1, 1, 1]
BOX$D1$196[0, -1, 0, 1, 0, 1, 1, 1, 1]
BOX$D1$196[0, -1, 1, 0, 0, 1, 0, 1, 1]
BOX$D1$196[0, -1, 1, 0, 0, 1, 1, 1, 0]
BOX$D1$196[0, -1, 1, 0, 0, 1, 1, 1, 1]
BOX$D1$196[0, -1, 1, 1, -1, 0, 1, 1, 1]
BOX$D1$196[0, -1, 1, 1, -1, 1, 1, 0, 1]
BOX$D1$196[0, -1, 1, 1, -1, 1, 1, 1, 1]
BOX$D1$196[0, -1, 1, 1, 0, 0, 0, 1, 1]
BOX$D1$196[0, -1, 1, 1, 0, 0, 1, 1, 0]
BOX$D1$196[0, -1, 1, 1, 0, 0, 1, 1, 1]
BOX$D1$196[0, -1, 1, 1, 0, 1, 0, 0, 1]
BOX$D1$196[0, -1, 1, 1, 0, 1, 0, 1, 1]
BOX$D1$196[0, -1, 1, 1, 0, 1, 1, 0, 1]
BOX$D1$196[0, -1, 1, 1, 0, 1, 1, 1, 1]
BOX$D1$196[0, 0, 0, 0, 0, 1, 1, 1, 1]
BOX$D1$196[0, 0, 0, 1, -1, 1, 1, 1, 1]
BOX$D1$196[0, 0, 0, 1, 0, 0, 1, 1, 1]
BOX$D1$196[0, 0, 0, 1, 0, 1, 0, 1, 1]
BOX$D1$196[0, 0, 0, 1, 0, 1, 1, 0, 1]
BOX$D1$196[0, 0, 0, 1, 0, 1, 1, 1, 0]
BOX$D1$196[0, 0, 0, 1, 0, 1, 1, 1, 1]
BOX$D1$196[0, 0, 1, 0, -1, 1, 1, 1, 1]
BOX$D1$196[0, 0, 1, 0, 0, 0, 1, 1, 1]
BOX$D1$196[0, 0, 1, 0, 0, 1, -1, 1, 1]
BOX$D1$196[0, 0, 1, 0, 0, 1, 0, 1, 0]
BOX$D1$196[0, 0, 1, 0, 0, 1, 0, 1, 1]
BOX$D1$196[0, 0, 1, 0, 0, 1, 1, 1, 0]
BOX$D1$196[0, 0, 1, 0, 0, 1, 1, 1, 1]
BOX$D1$196[0, 0, 1, 1, -2, 1, 1, 1, 1]
BOX$D1$196[0, 0, 1, 1, -1, 0, 0, 1, 1]
BOX$D1$196[0, 0, 1, 1, -1, 0, 1, 1, 0]
BOX$D1$196[0, 0, 1, 1, -1, 0, 1, 1, 1]
BOX$D1$196[0, 0, 1, 1, -1, 1, 0, 0, 1]
BOX$D1$196[0, 0, 1, 1, -1, 1, 0, 1, 1]
BOX$D1$196[0, 0, 1, 1, -1, 1, 1, 0, 1]
BOX$D1$196[0, 0, 1, 1, -1, 1, 1, 1, 0]
BOX$D1$196[0, 0, 1, 1, -1, 1, 1, 1, 1]
BOX$D1$196[0, 0, 1, 1, 0, -1, 1, 1, 1]
BOX$D1$196[0, 0, 1, 1, 0, 0, 0, 1, 0]
BOX$D1$196[0, 0, 1, 1, 0, 0, 0, 1, 1]
BOX$D1$196[0, 0, 1, 1, 0, 0, 1, 0, 1]
BOX$D1$196[0, 0, 1, 1, 0, 0, 1, 1, 0]
BOX$D1$196[0, 0, 1, 1, 0, 0, 1, 1, 1]
BOX$D1$196[0, 0, 1, 1, 0, 1, -1, 0, 1]
BOX$D1$196[0, 0, 1, 1, 0, 1, -1, 1, 1]
BOX$D1$196[0, 0, 1, 1, 0, 1, 0, 0, 1]
BOX$D1$196[0, 0, 1, 1, 0, 1, 0, 1, 0]
BOX$D1$196[0, 0, 1, 1, 0, 1, 0, 1, 1]
BOX$D1$196[0, 0, 1, 1, 0, 1, 1, 0, 0]
BOX$D1$196[0, 0, 1, 1, 0, 1, 1, 0, 1]
BOX$D1$196[0, 0, 1, 1, 0, 1, 1, 1, 0]
BOX$D1$196[0, 0, 1, 1, 0, 1, 1, 1, 1]
BOX$D1$196[1, -2, 1, 0, 0, 0, 1, 1, 1]
BOX$D1$196[1, -2, 1, 0, 0, 1, 1, 0, 1]
BOX$D1$196[1, -2, 1, 0, 0, 1, 1, 1, 1]
BOX$D1$196[1, -2, 1, 1, 0, -1, 1, 1, 1]
BOX$D1$196[1, -2, 1, 1, 0, 0, 1, 0, 1]
BOX$D1$196[1, -2, 1, 1, 0, 0, 1, 1, 1]
BOX$D1$196[1, -1, 0, 0, 0, 1, 1, 1, 1]
BOX$D1$196[1, -1, 0, 1, 0, 0, 1, 1, 1]
BOX$D1$196[1, -1, 0, 1, 0, 1, 1, 0, 1]
BOX$D1$196[1, -1, 0, 1, 0, 1, 1, 1, 1]
BOX$D1$196[1, -1, 1, -1, 0, 1, 1, 1, 1]
BOX$D1$196[1, -1, 1, 0, -1, 1, 1, 1, 1]
BOX$D1$196[1, -1, 1, 0, 0, 0, 0, 1, 1]
BOX$D1$196[1, -1, 1, 0, 0, 0, 1, 1, 0]
BOX$D1$196[1, -1, 1, 0, 0, 0, 1, 1, 1]
BOX$D1$196[1, -1, 1, 0, 0, 1, 0, 0, 1]
BOX$D1$196[1, -1, 1, 0, 0, 1, 0, 1, 1]
BOX$D1$196[1, -1, 1, 0, 0, 1, 1, 0, 1]
BOX$D1$196[1, -1, 1, 0, 0, 1, 1, 1, 0]
BOX$D1$196[1, -1, 1, 0, 0, 1, 1, 1, 1]
BOX$D1$196[1, -1, 1, 1, -1, -1, 1, 1, 1]
BOX$D1$196[1, -1, 1, 1, -1, 0, 1, 0, 1]
BOX$D1$196[1, -1, 1, 1, -1, 0, 1, 1, 1]
BOX$D1$196[1, -1, 1, 1, -1, 1, 1, 0, 1]
BOX$D1$196[1, -1, 1, 1, -1, 1, 1, 1, 1]
BOX$D1$196[1, -1, 1, 1, 0, -1, 1, 1, 0]
BOX$D1$196[1, -1, 1, 1, 0, -1, 1, 1, 1]
BOX$D1$196[1, -1, 1, 1, 0, 0, 0, 0, 1]
BOX$D1$196[1, -1, 1, 1, 0, 0, 0, 1, 1]
BOX$D1$196[1, -1, 1, 1, 0, 0, 1, 0, 1]
BOX$D1$196[1, -1, 1, 1, 0, 0, 1, 1, 0]
BOX$D1$196[1, -1, 1, 1, 0, 0, 1, 1, 1]
BOX$D1$196[1, -1, 1, 1, 0, 1, 0, 0, 1]
BOX$D1$196[1, -1, 1, 1, 0, 1, 0, 1, 1]
BOX$D1$196[1, -1, 1, 1, 0, 1, 1, -1, 1]
BOX$D1$196[1, -1, 1, 1, 0, 1, 1, 0, 1]
BOX$D1$196[1, -1, 1, 1, 0, 1, 1, 1, 1]
BOX$D1$196[1, 0, -1, 1, 0, 1, 1, 1, 1]
BOX$D1$196[1, 0, 0, -1, 0, 1, 1, 1, 1]
BOX$D1$196[1, 0, 0, 0, -1, 1, 1, 1, 1]
BOX$D1$196[1, 0, 0, 0, 0, 0, 1, 1, 1]
BOX$D1$196[1, 0, 0, 0, 0, 1, 0, 1, 1]
BOX$D1$196[1, 0, 0, 0, 0, 1, 1, 0, 1]
BOX$D1$196[1, 0, 0, 0, 0, 1, 1, 1, 0]
BOX$D1$196[1, 0, 0, 0, 0, 1, 1, 1, 1]
BOX$D1$196[1, 0, 0, 1, -1, 0, 1, 1, 1]
BOX$D1$196[1, 0, 0, 1, -1, 1, 1, 0, 1]
BOX$D1$196[1, 0, 0, 1, -1, 1, 1, 1, 1]
BOX$D1$196[1, 0, 0, 1, 0, -1, 1, 1, 1]
BOX$D1$196[1, 0, 0, 1, 0, 0, 0, 1, 1]
BOX$D1$196[1, 0, 0, 1, 0, 0, 1, 0, 1]
BOX$D1$196[1, 0, 0, 1, 0, 0, 1, 1, 0]
BOX$D1$196[1, 0, 0, 1, 0, 0, 1, 1, 1]
BOX$D1$196[1, 0, 0, 1, 0, 1, 0, 0, 1]
BOX$D1$196[1, 0, 0, 1, 0, 1, 0, 1, 1]
BOX$D1$196[1, 0, 0, 1, 0, 1, 1, -1, 1]
BOX$D1$196[1, 0, 0, 1, 0, 1, 1, 0, 0]
BOX$D1$196[1, 0, 0, 1, 0, 1, 1, 0, 1]
BOX$D1$196[1, 0, 0, 1, 0, 1, 1, 1, 0]
BOX$D1$196[1, 0, 0, 1, 0, 1, 1, 1, 1]
BOX$D1$196[1, 0, 1, -1, 0, 0, 1, 1, 1]
BOX$D1$196[1, 0, 1, -1, 0, 1, 0, 1, 1]
BOX$D1$196[1, 0, 1, -1, 0, 1, 1, 1, 0]
BOX$D1$196[1, 0, 1, -1, 0, 1, 1, 1, 1]
BOX$D1$196[1, 0, 1, 0, -1, 0, 1, 1, 1]
BOX$D1$196[1, 0, 1, 0, -1, 1, 0, 1, 1]
BOX$D1$196[1, 0, 1, 0, -1, 1, 1, 0, 1]
BOX$D1$196[1, 0, 1, 0, -1, 1, 1, 1, 0]
BOX$D1$196[1, 0, 1, 0, -1, 1, 1, 1, 1]
BOX$D1$196[1, 0, 1, 0, 0, -1, 1, 1, 1]
BOX$D1$196[1, 0, 1, 0, 0, 0, 0, 1, 0]
BOX$D1$196[1, 0, 1, 0, 0, 0, 0, 1, 1]
BOX$D1$196[1, 0, 1, 0, 0, 0, 1, 0, 1]
BOX$D1$196[1, 0, 1, 0, 0, 0, 1, 1, 0]
BOX$D1$196[1, 0, 1, 0, 0, 0, 1, 1, 1]
BOX$D1$196[1, 0, 1, 0, 0, 1, -1, 0, 1]
BOX$D1$196[1, 0, 1, 0, 0, 1, -1, 1, 1]
BOX$D1$196[1, 0, 1, 0, 0, 1, 0, 0, 1]
BOX$D1$196[1, 0, 1, 0, 0, 1, 0, 1, 0]
BOX$D1$196[1, 0, 1, 0, 0, 1, 0, 1, 1]
BOX$D1$196[1, 0, 1, 0, 0, 1, 1, 0, 0]
BOX$D1$196[1, 0, 1, 0, 0, 1, 1, 0, 1]
BOX$D1$196[1, 0, 1, 0, 0, 1, 1, 1, -1]
BOX$D1$196[1, 0, 1, 0, 0, 1, 1, 1, 0]
BOX$D1$196[1, 0, 1, 0, 0, 1, 1, 1, 1]
BOX$D1$196[1, 0, 1, 1, -2, 0, 1, 1, 1]
BOX$D1$196[1, 0, 1, 1, -2, 1, 1, 0, 1]
BOX$D1$196[1, 0, 1, 1, -2, 1, 1, 1, 1]
BOX$D1$196[1, 0, 1, 1, -1, -1, 1, 1, 0]
BOX$D1$196[1, 0, 1, 1, -1, -1, 1, 1, 1]
BOX$D1$196[1, 0, 1, 1, -1, 0, 0, 0, 1]
BOX$D1$196[1, 0, 1, 1, -1, 0, 0, 1, 1]
BOX$D1$196[1, 0, 1, 1, -1, 0, 1, 0, 1]
BOX$D1$196[1, 0, 1, 1, -1, 0, 1, 1, 0]
BOX$D1$196[1, 0, 1, 1, -1, 0, 1, 1, 1]
BOX$D1$196[1, 0, 1, 1, -1, 1, 0, 0, 1]
BOX$D1$196[1, 0, 1, 1, -1, 1, 0, 1, 1]
BOX$D1$196[1, 0, 1, 1, -1, 1, 1, -1, 1]
BOX$D1$196[1, 0, 1, 1, -1, 1, 1, 0, 0]
BOX$D1$196[1, 0, 1, 1, -1, 1, 1, 0, 1]
BOX$D1$196[1, 0, 1, 1, -1, 1, 1, 1, 0]
BOX$D1$196[1, 0, 1, 1, -1, 1, 1, 1, 1]
BOX$D1$196[1, 0, 1, 1, 0, -2, 1, 1, 1]
BOX$D1$196[1, 0, 1, 1, 0, -1, 0, 1, 1]
BOX$D1$196[1, 0, 1, 1, 0, -1, 1, 0, 1]
BOX$D1$196[1, 0, 1, 1, 0, -1, 1, 1, 0]
BOX$D1$196[1, 0, 1, 1, 0, -1, 1, 1, 1]
BOX$D1$196[1, 0, 1, 1, 0, 0, 0, 0, 1]
BOX$D1$196[1, 0, 1, 1, 0, 0, 0, 1, 0]
BOX$D1$196[1, 0, 1, 1, 0, 0, 0, 1, 1]
BOX$D1$196[1, 0, 1, 1, 0, 0, 1, -1, 1]
BOX$D1$196[1, 0, 1, 1, 0, 0, 1, 0, 0]
BOX$D1$196[1, 0, 1, 1, 0, 0, 1, 0, 1]
BOX$D1$196[1, 0, 1, 1, 0, 0, 1, 1, -1]
BOX$D1$196[1, 0, 1, 1, 0, 0, 1, 1, 0]
BOX$D1$196[1, 0, 1, 1, 0, 0, 1, 1, 1]
BOX$D1$196[1, 0, 1, 1, 0, 1, -1, 0, 1]
BOX$D1$196[1, 0, 1, 1, 0, 1, -1, 1, 1]
BOX$D1$196[1, 0, 1, 1, 0, 1, 0, -1, 1]
BOX$D1$196[1, 0, 1, 1, 0, 1, 0, 0, 0]
BOX$D1$196[1, 0, 1, 1, 0, 1, 0, 0, 1]
BOX$D1$196[1, 0, 1, 1, 0, 1, 0, 1, 0]
BOX$D1$196[1, 0, 1, 1, 0, 1, 0, 1, 1]
BOX$D1$196[1, 0, 1, 1, 0, 1, 1, -1, 1]
BOX$D1$196[1, 0, 1, 1, 0, 1, 1, 0, 0]
BOX$D1$196[1, 0, 1, 1, 0, 1, 1, 0, 1]
BOX$D1$196[1, 0, 1, 1, 0, 1, 1, 1, 0]
BOX$D1$196[1, 0, 1, 1, 0, 1, 1, 1, 1]