BOX$A3$230417[-1, 1, 0, 0, 0, 1, 0, 1, 1]
BOX$A3$230417[-1, 1, 1, -1, 0, 1, 0, 1, 1]
BOX$A3$230417[-1, 1, 1, 0, -1, 1, 0, 1, 1]
BOX$A3$230417[-1, 1, 1, 0, 0, 0, 0, 1, 1]
BOX$A3$230417[-1, 1, 1, 0, 0, 1, -1, 1, 1]
BOX$A3$230417[-1, 1, 1, 0, 0, 1, 0, 0, 1]
BOX$A3$230417[-1, 1, 1, 0, 0, 1, 0, 1, 0]
BOX$A3$230417[-1, 1, 1, 0, 0, 1, 0, 1, 1]
BOX$A3$230417[0, 0, 1, -1, 0, 1, 0, 1, 1]
BOX$A3$230417[0, 0, 1, 0, 0, 0, 0, 1, 1]
BOX$A3$230417[0, 0, 1, 0, 0, 1, 0, 0, 1]
BOX$A3$230417[0, 0, 1, 0, 0, 1, 0, 1, 1]
BOX$A3$230417[0, 1, 0, -1, 0, 1, 0, 1, 1]
BOX$A3$230417[0, 1, 0, 0, 0, 0, 0, 1, 1]
BOX$A3$230417[0, 1, 0, 0, 0, 1, 0, 0, 1]
BOX$A3$230417[0, 1, 0, 0, 0, 1, 0, 1, 1]
BOX$A3$230417[0, 1, 1, -2, 0, 1, 0, 1, 1]
BOX$A3$230417[0, 1, 1, -1, -1, 1, 0, 1, 1]
BOX$A3$230417[0, 1, 1, -1, 0, 0, 0, 1, 1]
BOX$A3$230417[0, 1, 1, -1, 0, 1, -1, 1, 1]
BOX$A3$230417[0, 1, 1, -1, 0, 1, 0, 0, 1]
BOX$A3$230417[0, 1, 1, -1, 0, 1, 0, 1, 0]
BOX$A3$230417[0, 1, 1, -1, 0, 1, 0, 1, 1]
BOX$A3$230417[0, 1, 1, 0, -1, 0, 0, 1, 1]
BOX$A3$230417[0, 1, 1, 0, -1, 1, 0, 0, 1]
BOX$A3$230417[0, 1, 1, 0, -1, 1, 0, 1, 1]
BOX$A3$230417[0, 1, 1, 0, 0, -1, 0, 1, 1]
BOX$A3$230417[0, 1, 1, 0, 0, 0, -1, 1, 1]
BOX$A3$230417[0, 1, 1, 0, 0, 0, 0, 0, 1]
BOX$A3$230417[0, 1, 1, 0, 0, 0, 0, 1, 0]
BOX$A3$230417[0, 1, 1, 0, 0, 0, 0, 1, 1]
BOX$A3$230417[0, 1, 1, 0, 0, 1, -1, 0, 1]
BOX$A3$230417[0, 1, 1, 0, 0, 1, -1, 1, 1]
BOX$A3$230417[0, 1, 1, 0, 0, 1, 0, -1, 1]
BOX$A3$230417[0, 1, 1, 0, 0, 1, 0, 0, 0]
BOX$A3$230417[0, 1, 1, 0, 0, 1, 0, 0, 1]
BOX$A3$230417[0, 1, 1, 0, 0, 1, 0, 1, 0]
BOX$A3$230417[0, 1, 1, 0, 0, 1, 0, 1, 1]
BOX$A3$230417[1, 0, 1, -2, 0, 1, 0, 1, 1]
BOX$A3$230417[1, 0, 1, -1, 0, 0, 0, 1, 1]
BOX$A3$230417[1, 0, 1, -1, 0, 1, 0, 0, 1]
BOX$A3$230417[1, 0, 1, -1, 0, 1, 0, 1, 1]
BOX$A3$230417[1, 0, 1, 0, 0, -1, 0, 1, 1]
BOX$A3$230417[1, 0, 1, 0, 0, 0, 0, 0, 1]
BOX$A3$230417[1, 0, 1, 0, 0, 0, 0, 1, 1]
BOX$A3$230417[1, 0, 1, 0, 0, 1, 0, -1, 1]
BOX$A3$230417[1, 0, 1, 0, 0, 1, 0, 0, 1]
BOX$A3$230417[1, 0, 1, 0, 0, 1, 0, 1, 1]
BOX$A3$230417[1, 1, 0, -2, 0, 1, 0, 1, 1]
BOX$A3$230417[1, 1, 0, -1, 0, 0, 0, 1, 1]
BOX$A3$230417[1, 1, 0, -1, 0, 1, 0, 0, 1]
BOX$A3$230417[1, 1, 0, -1, 0, 1, 0, 1, 1]
BOX$A3$230417[1, 1, 0, 0, 0, -1, 0, 1, 1]
BOX$A3$230417[1, 1, 0, 0, 0, 0, 0, 0, 1]
BOX$A3$230417[1, 1, 0, 0, 0, 0, 0, 1, 1]
BOX$A3$230417[1, 1, 0, 0, 0, 1, 0, -1, 1]
BOX$A3$230417[1, 1, 0, 0, 0, 1, 0, 0, 1]
BOX$A3$230417[1, 1, 0, 0, 0, 1, 0, 1, 1]
BOX$A3$230417[1, 1, 1, -3, 0, 1, 0, 1, 1]
BOX$A3$230417[1, 1, 1, -2, -1, 1, 0, 1, 1]
BOX$A3$230417[1, 1, 1, -2, 0, 0, 0, 1, 1]
BOX$A3$230417[1, 1, 1, -2, 0, 1, -1, 1, 1]
BOX$A3$230417[1, 1, 1, -2, 0, 1, 0, 0, 1]
BOX$A3$230417[1, 1, 1, -2, 0, 1, 0, 1, 0]
BOX$A3$230417[1, 1, 1, -2, 0, 1, 0, 1, 1]
BOX$A3$230417[1, 1, 1, -1, -1, 0, 0, 1, 1]
BOX$A3$230417[1, 1, 1, -1, -1, 1, 0, 1, 1]
BOX$A3$230417[1, 1, 1, -1, 0, -1, 0, 1, 1]
BOX$A3$230417[1, 1, 1, -1, 0, 0, -1, 1, 1]
BOX$A3$230417[1, 1, 1, -1, 0, 0, 0, 0, 1]
BOX$A3$230417[1, 1, 1, -1, 0, 0, 0, 1, 0]
BOX$A3$230417[1, 1, 1, -1, 0, 0, 0, 1, 1]
BOX$A3$230417[1, 1, 1, -1, 0, 1, -1, 1, 1]
BOX$A3$230417[1, 1, 1, -1, 0, 1, 0, -1, 1]
BOX$A3$230417[1, 1, 1, -1, 0, 1, 0, 0, 0]
BOX$A3$230417[1, 1, 1, -1, 0, 1, 0, 0, 1]
BOX$A3$230417[1, 1, 1, -1, 0, 1, 0, 1, 0]
BOX$A3$230417[1, 1, 1, -1, 0, 1, 0, 1, 1]
BOX$A3$230417[1, 1, 1, 0, -1, -1, 0, 1, 1]
BOX$A3$230417[1, 1, 1, 0, -1, 0, 0, 1, 1]
BOX$A3$230417[1, 1, 1, 0, -1, 1, 0, 0, 1]
BOX$A3$230417[1, 1, 1, 0, -1, 1, 0, 1, 1]
BOX$A3$230417[1, 1, 1, 0, 0, -1, 0, 0, 1]
BOX$A3$230417[1, 1, 1, 0, 0, -1, 0, 1, 0]
BOX$A3$230417[1, 1, 1, 0, 0, -1, 0, 1, 1]
BOX$A3$230417[1, 1, 1, 0, 0, 0, -1, 1, 1]
BOX$A3$230417[1, 1, 1, 0, 0, 0, 0, -1, 1]
BOX$A3$230417[1, 1, 1, 0, 0, 0, 0, 0, 0]
BOX$A3$230417[1, 1, 1, 0, 0, 0, 0, 0, 1]
BOX$A3$230417[1, 1, 1, 0, 0, 0, 0, 1, 0]
BOX$A3$230417[1, 1, 1, 0, 0, 0, 0, 1, 1]
BOX$A3$230417[1, 1, 1, 0, 0, 1, -1, 0, 1]
BOX$A3$230417[1, 1, 1, 0, 0, 1, -1, 1, 1]
BOX$A3$230417[1, 1, 1, 0, 0, 1, 0, -2, 1]
BOX$A3$230417[1, 1, 1, 0, 0, 1, 0, -1, 0]
BOX$A3$230417[1, 1, 1, 0, 0, 1, 0, -1, 1]
BOX$A3$230417[1, 1, 1, 0, 0, 1, 0, 0, 0]
BOX$A3$230417[1, 1, 1, 0, 0, 1, 0, 0, 1]
BOX$A3$230417[1, 1, 1, 0, 0, 1, 0, 1, 0]
BOX$A3$230417[1, 1, 1, 0, 0, 1, 0, 1, 1]
BOX$A3$230417[1, 1, 1, -1, -1, 1, 0, 0, 1]
BOX$A3$230417[1, 1, 1, -1, 0, 1, -1, 0, 1]
BOX$A3$230417[1, 1, 1, 0, -1, 0, 0, 0, 1]
BOX$A3$230417[0, 1, 2, 0, 0, 1, 0, 1, 1]
BOX$A3$230417[1, 0, 1, 0, 0, 1, 0, 1, 2]
BOX$A3$230417[1, 0, 2, 0, 0, 1, 0, 1, 1]
BOX$A3$230417[1, 1, 0, 0, 0, 1, 0, 1, 2]
BOX$A3$230417[1, 1, 1, -1, 0, 1, 0, 1, 2]
BOX$A3$230417[1, 1, 1, 0, -1, 1, 0, 1, 2]
BOX$A3$230417[1, 1, 1, 0, 0, 0, 0, 1, 2]
BOX$A3$230417[1, 1, 1, 0, 0, 1, -1, 1, 2]
BOX$A3$230417[1, 1, 1, 0, 0, 1, 0, 0, 2]
BOX$A3$230417[1, 1, 1, 0, 0, 1, 0, 1, 2]
BOX$A3$230417[1, 1, 2, -1, 0, 1, 0, 1, 1]
BOX$A3$230417[1, 1, 2, 0, -1, 1, 0, 1, 1]
BOX$A3$230417[1, 1, 2, 0, 0, 1, -1, 1, 1]
BOX$A3$230417[1, 1, 2, 0, 0, 1, 0, 0, 1]
BOX$A3$230417[1, 1, 2, 0, 0, 1, 0, 1, 0]
BOX$A3$230417[1, 1, 2, 0, 0, 1, 0, 1, 1]
BOX$A3$230417[1, 2, 0, 0, 0, 1, 0, 1, 1]
BOX$A3$230417[1, 2, 1, -1, 0, 1, 0, 1, 1]
BOX$A3$230417[1, 2, 1, 0, -1, 1, 0, 1, 1]
BOX$A3$230417[1, 2, 1, 0, 0, 0, 0, 1, 1]
BOX$A3$230417[1, 2, 1, 0, 0, 1, -1, 1, 1]
BOX$A3$230417[1, 2, 1, 0, 0, 1, 0, 0, 1]
BOX$A3$230417[1, 2, 1, 0, 0, 1, 0, 1, 0]
BOX$A3$230417[1, 2, 1, 0, 0, 1, 0, 1, 1]
BOX$A3$230417[1, 1, 1, 0, 0, 1, 0, 2, 2]
BOX$A3$230417[1, 1, 1, 0, 0, 2, 0, 1, 2]
BOX$A3$230417[1, 1, 2, 0, 0, 1, 0, 2, 1]
BOX$A3$230417[1, 1, 2, 0, 0, 2, 0, 1, 1]
BOX$A3$230417[1, 2, 1, 0, 0, 1, 0, 2, 1]
BOX$A3$230417[1, 2, 1, 0, 0, 2, 0, 1, 1]
BOX$A3$230417[2, 1, 1, 0, 0, 1, 0, 1, 2]
BOX$A3$230417[2, 1, 2, 0, 0, 1, 0, 1, 1]
BOX$A3$230417[2, 2, 1, 0, 0, 1, 0, 1, 1]