BOX$C2$1717[-1, 1, 0, 0, 1, 1, 1, 1, 0]
BOX$C2$1717[-1, 1, 1, -1, 1, 1, 1, 1, 0]
BOX$C2$1717[-1, 1, 1, 0, 0, 1, 0, 1, 0]
BOX$C2$1717[-1, 1, 1, 0, 0, 1, 1, 1, -1]
BOX$C2$1717[-1, 1, 1, 0, 0, 1, 1, 1, 0]
BOX$C2$1717[-1, 1, 1, 0, 1, 1, -1, 1, 0]
BOX$C2$1717[-1, 1, 1, 0, 1, 1, 0, 1, -1]
BOX$C2$1717[-1, 1, 1, 0, 1, 1, 0, 1, 0]
BOX$C2$1717[-1, 1, 1, 0, 1, 1, 1, 1, -1]
BOX$C2$1717[-1, 1, 1, 0, 1, 1, 1, 1, 0]
BOX$C2$1717[0, 0, 0, 0, 1, 1, 1, 1, 0]
BOX$C2$1717[0, 0, 1, -1, 1, 1, 0, 1, 0]
BOX$C2$1717[0, 0, 1, -1, 1, 1, 1, 1, -1]
BOX$C2$1717[0, 0, 1, -1, 1, 1, 1, 1, 0]
BOX$C2$1717[0, 0, 1, 0, 0, 0, 1, 1, 0]
BOX$C2$1717[0, 0, 1, 0, 0, 1, 1, 0, 0]
BOX$C2$1717[0, 0, 1, 0, 0, 1, 1, 1, 0]
BOX$C2$1717[0, 0, 1, 0, 1, 0, 0, 1, 0]
BOX$C2$1717[0, 0, 1, 0, 1, 0, 1, 1, -1]
BOX$C2$1717[0, 0, 1, 0, 1, 0, 1, 1, 0]
BOX$C2$1717[0, 0, 1, 0, 1, 1, 0, 0, 0]
BOX$C2$1717[0, 0, 1, 0, 1, 1, 0, 1, 0]
BOX$C2$1717[0, 0, 1, 0, 1, 1, 1, 0, 0]
BOX$C2$1717[0, 0, 1, 0, 1, 1, 1, 1, -1]
BOX$C2$1717[0, 0, 1, 0, 1, 1, 1, 1, 0]
BOX$C2$1717[0, 1, 0, -1, 1, 1, 1, 1, 0]
BOX$C2$1717[0, 1, 0, 0, 0, 1, 1, 1, 0]
BOX$C2$1717[0, 1, 0, 0, 1, 0, 1, 1, 0]
BOX$C2$1717[0, 1, 0, 0, 1, 1, 0, 1, 0]
BOX$C2$1717[0, 1, 0, 0, 1, 1, 1, 0, 0]
BOX$C2$1717[0, 1, 0, 0, 1, 1, 1, 1, -1]
BOX$C2$1717[0, 1, 0, 0, 1, 1, 1, 1, 0]
BOX$C2$1717[0, 1, 1, -2, 1, 1, 1, 1, 0]
BOX$C2$1717[0, 1, 1, -1, 0, 1, 1, 1, 0]
BOX$C2$1717[0, 1, 1, -1, 1, 0, 1, 1, 0]
BOX$C2$1717[0, 1, 1, -1, 1, 1, -1, 1, 0]
BOX$C2$1717[0, 1, 1, -1, 1, 1, 0, 1, -1]
BOX$C2$1717[0, 1, 1, -1, 1, 1, 0, 1, 0]
BOX$C2$1717[0, 1, 1, -1, 1, 1, 1, 0, 0]
BOX$C2$1717[0, 1, 1, -1, 1, 1, 1, 1, -1]
BOX$C2$1717[0, 1, 1, -1, 1, 1, 1, 1, 0]
BOX$C2$1717[0, 1, 1, 0, -1, 1, 1, 1, 0]
BOX$C2$1717[0, 1, 1, 0, 0, 0, 0, 1, 0]
BOX$C2$1717[0, 1, 1, 0, 0, 0, 1, 1, -1]
BOX$C2$1717[0, 1, 1, 0, 0, 0, 1, 1, 0]
BOX$C2$1717[0, 1, 1, 0, 0, 1, 0, 0, 0]
BOX$C2$1717[0, 1, 1, 0, 0, 1, 0, 1, 0]
BOX$C2$1717[0, 1, 1, 0, 0, 1, 1, 0, 0]
BOX$C2$1717[0, 1, 1, 0, 0, 1, 1, 1, -1]
BOX$C2$1717[0, 1, 1, 0, 0, 1, 1, 1, 0]
BOX$C2$1717[0, 1, 1, 0, 1, 0, 0, 1, -1]
BOX$C2$1717[0, 1, 1, 0, 1, 0, 0, 1, 0]
BOX$C2$1717[0, 1, 1, 0, 1, 0, 1, 1, -1]
BOX$C2$1717[0, 1, 1, 0, 1, 0, 1, 1, 0]
BOX$C2$1717[0, 1, 1, 0, 1, 1, -1, 0, 0]
BOX$C2$1717[0, 1, 1, 0, 1, 1, -1, 1, 0]
BOX$C2$1717[0, 1, 1, 0, 1, 1, 0, 0, 0]
BOX$C2$1717[0, 1, 1, 0, 1, 1, 0, 1, -1]
BOX$C2$1717[0, 1, 1, 0, 1, 1, 0, 1, 0]
BOX$C2$1717[0, 1, 1, 0, 1, 1, 1, 0, 0]
BOX$C2$1717[0, 1, 1, 0, 1, 1, 1, 1, -2]
BOX$C2$1717[0, 1, 1, 0, 1, 1, 1, 1, -1]
BOX$C2$1717[0, 1, 1, 0, 1, 1, 1, 1, 0]
BOX$C2$1717[1, -1, 1, -1, 1, 0, 1, 1, 0]
BOX$C2$1717[1, -1, 1, -1, 1, 1, 1, 0, 0]
BOX$C2$1717[1, -1, 1, -1, 1, 1, 1, 1, 0]
BOX$C2$1717[1, -1, 1, 0, 1, -1, 1, 1, 0]
BOX$C2$1717[1, -1, 1, 0, 1, 0, 1, 0, 0]
BOX$C2$1717[1, -1, 1, 0, 1, 0, 1, 1, 0]
BOX$C2$1717[1, -1, 1, 0, 1, 1, 1, 0, 0]
BOX$C2$1717[1, -1, 1, 0, 1, 1, 1, 1, 0]
BOX$C2$1717[1, 0, 0, -1, 1, 1, 1, 1, 0]
BOX$C2$1717[1, 0, 0, 0, 1, 0, 1, 1, 0]
BOX$C2$1717[1, 0, 0, 0, 1, 1, 1, 0, 0]
BOX$C2$1717[1, 0, 0, 0, 1, 1, 1, 1, 0]
BOX$C2$1717[1, 0, 1, -2, 1, 1, 1, 1, 0]
BOX$C2$1717[1, 0, 1, -1, 0, 1, 1, 1, 0]
BOX$C2$1717[1, 0, 1, -1, 1, 0, 0, 1, 0]
BOX$C2$1717[1, 0, 1, -1, 1, 0, 1, 1, -1]
BOX$C2$1717[1, 0, 1, -1, 1, 0, 1, 1, 0]
BOX$C2$1717[1, 0, 1, -1, 1, 1, 0, 0, 0]
BOX$C2$1717[1, 0, 1, -1, 1, 1, 0, 1, 0]
BOX$C2$1717[1, 0, 1, -1, 1, 1, 1, 0, 0]
BOX$C2$1717[1, 0, 1, -1, 1, 1, 1, 1, -1]
BOX$C2$1717[1, 0, 1, -1, 1, 1, 1, 1, 0]
BOX$C2$1717[1, 0, 1, 0, 0, -1, 1, 1, 0]
BOX$C2$1717[1, 0, 1, 0, 0, 0, 1, 0, 0]
BOX$C2$1717[1, 0, 1, 0, 0, 0, 1, 1, 0]
BOX$C2$1717[1, 0, 1, 0, 0, 1, 1, 0, 0]
BOX$C2$1717[1, 0, 1, 0, 0, 1, 1, 1, 0]
BOX$C2$1717[1, 0, 1, 0, 1, -1, 1, 1, -1]
BOX$C2$1717[1, 0, 1, 0, 1, -1, 1, 1, 0]
BOX$C2$1717[1, 0, 1, 0, 1, 0, 0, 0, 0]
BOX$C2$1717[1, 0, 1, 0, 1, 0, 0, 1, 0]
BOX$C2$1717[1, 0, 1, 0, 1, 0, 1, 0, 0]
BOX$C2$1717[1, 0, 1, 0, 1, 0, 1, 1, -1]
BOX$C2$1717[1, 0, 1, 0, 1, 0, 1, 1, 0]
BOX$C2$1717[1, 0, 1, 0, 1, 1, 0, 0, 0]
BOX$C2$1717[1, 0, 1, 0, 1, 1, 0, 1, 0]
BOX$C2$1717[1, 0, 1, 0, 1, 1, 1, 0, -1]
BOX$C2$1717[1, 0, 1, 0, 1, 1, 1, 0, 0]
BOX$C2$1717[1, 0, 1, 0, 1, 1, 1, 1, -1]
BOX$C2$1717[1, 0, 1, 0, 1, 1, 1, 1, 0]
BOX$C2$1717[1, 1, -1, 0, 1, 1, 1, 1, 0]
BOX$C2$1717[1, 1, 0, -2, 1, 1, 1, 1, 0]
BOX$C2$1717[1, 1, 0, -1, 0, 1, 1, 1, 0]
BOX$C2$1717[1, 1, 0, -1, 1, 0, 1, 1, 0]
BOX$C2$1717[1, 1, 0, -1, 1, 1, 0, 1, 0]
BOX$C2$1717[1, 1, 0, -1, 1, 1, 1, 0, 0]
BOX$C2$1717[1, 1, 0, -1, 1, 1, 1, 1, -1]
BOX$C2$1717[1, 1, 0, -1, 1, 1, 1, 1, 0]
BOX$C2$1717[1, 1, 0, 0, 0, 0, 1, 1, 0]
BOX$C2$1717[1, 1, 0, 0, 0, 1, 1, 0, 0]
BOX$C2$1717[1, 1, 0, 0, 0, 1, 1, 1, 0]
BOX$C2$1717[1, 1, 0, 0, 1, -1, 1, 1, 0]
BOX$C2$1717[1, 1, 0, 0, 1, 0, 0, 1, 0]
BOX$C2$1717[1, 1, 0, 0, 1, 0, 1, 0, 0]
BOX$C2$1717[1, 1, 0, 0, 1, 0, 1, 1, -1]
BOX$C2$1717[1, 1, 0, 0, 1, 0, 1, 1, 0]
BOX$C2$1717[1, 1, 0, 0, 1, 1, 0, 0, 0]
BOX$C2$1717[1, 1, 0, 0, 1, 1, 0, 1, 0]
BOX$C2$1717[1, 1, 0, 0, 1, 1, 1, -1, 0]
BOX$C2$1717[1, 1, 0, 0, 1, 1, 1, 0, -1]
BOX$C2$1717[1, 1, 0, 0, 1, 1, 1, 0, 0]
BOX$C2$1717[1, 1, 0, 0, 1, 1, 1, 1, -1]
BOX$C2$1717[1, 1, 0, 0, 1, 1, 1, 1, 0]
BOX$C2$1717[1, 1, 1, -3, 1, 1, 1, 1, 0]
BOX$C2$1717[1, 1, 1, -2, 0, 1, 1, 1, 0]
BOX$C2$1717[1, 1, 1, -2, 1, 0, 1, 1, 0]
BOX$C2$1717[1, 1, 1, -2, 1, 1, 0, 1, 0]
BOX$C2$1717[1, 1, 1, -2, 1, 1, 1, 0, 0]
BOX$C2$1717[1, 1, 1, -2, 1, 1, 1, 1, -1]
BOX$C2$1717[1, 1, 1, -2, 1, 1, 1, 1, 0]
BOX$C2$1717[1, 1, 1, -1, 0, 0, 1, 1, 0]
BOX$C2$1717[1, 1, 1, -1, 0, 1, 0, 1, 0]
BOX$C2$1717[1, 1, 1, -1, 0, 1, 1, 0, 0]
BOX$C2$1717[1, 1, 1, -1, 0, 1, 1, 1, -1]
BOX$C2$1717[1, 1, 1, -1, 0, 1, 1, 1, 0]
BOX$C2$1717[1, 1, 1, -1, 1, -1, 1, 1, 0]
BOX$C2$1717[1, 1, 1, -1, 1, 0, 0, 1, -1]
BOX$C2$1717[1, 1, 1, -1, 1, 0, 0, 1, 0]
BOX$C2$1717[1, 1, 1, -1, 1, 0, 1, 0, 0]
BOX$C2$1717[1, 1, 1, -1, 1, 0, 1, 1, -1]
BOX$C2$1717[1, 1, 1, -1, 1, 0, 1, 1, 0]
BOX$C2$1717[1, 1, 1, -1, 1, 1, -1, 0, 0]
BOX$C2$1717[1, 1, 1, -1, 1, 1, -1, 1, 0]
BOX$C2$1717[1, 1, 1, -1, 1, 1, 0, 0, 0]
BOX$C2$1717[1, 1, 1, -1, 1, 1, 0, 1, -1]
BOX$C2$1717[1, 1, 1, -1, 1, 1, 0, 1, 0]
BOX$C2$1717[1, 1, 1, -1, 1, 1, 1, -1, 0]
BOX$C2$1717[1, 1, 1, -1, 1, 1, 1, 0, -1]
BOX$C2$1717[1, 1, 1, -1, 1, 1, 1, 0, 0]
BOX$C2$1717[1, 1, 1, -1, 1, 1, 1, 1, -2]
BOX$C2$1717[1, 1, 1, -1, 1, 1, 1, 1, -1]
BOX$C2$1717[1, 1, 1, -1, 1, 1, 1, 1, 0]
BOX$C2$1717[1, 1, 1, 0, -1, 0, 1, 1, 0]
BOX$C2$1717[1, 1, 1, 0, -1, 1, 1, 0, 0]
BOX$C2$1717[1, 1, 1, 0, -1, 1, 1, 1, 0]
BOX$C2$1717[1, 1, 1, 0, 0, -1, 1, 1, -1]
BOX$C2$1717[1, 1, 1, 0, 0, -1, 1, 1, 0]
BOX$C2$1717[1, 1, 1, 0, 0, 0, 0, 0, 0]
BOX$C2$1717[1, 1, 1, 0, 0, 0, 0, 1, 0]
BOX$C2$1717[1, 1, 1, 0, 0, 0, 1, 0, 0]
BOX$C2$1717[1, 1, 1, 0, 0, 0, 1, 1, -1]
BOX$C2$1717[1, 1, 1, 0, 0, 0, 1, 1, 0]
BOX$C2$1717[1, 1, 1, 0, 0, 1, 0, 0, 0]
BOX$C2$1717[1, 1, 1, 0, 0, 1, 0, 1, 0]
BOX$C2$1717[1, 1, 1, 0, 0, 1, 1, -1, 0]
BOX$C2$1717[1, 1, 1, 0, 0, 1, 1, 0, -1]
BOX$C2$1717[1, 1, 1, 0, 0, 1, 1, 0, 0]
BOX$C2$1717[1, 1, 1, 0, 0, 1, 1, 1, -1]
BOX$C2$1717[1, 1, 1, 0, 0, 1, 1, 1, 0]
BOX$C2$1717[1, 1, 1, 0, 1, -1, 1, 1, -1]
BOX$C2$1717[1, 1, 1, 0, 1, -1, 1, 1, 0]
BOX$C2$1717[1, 1, 1, 0, 1, 0, 0, 0, 0]
BOX$C2$1717[1, 1, 1, 0, 1, 0, 0, 1, -1]
BOX$C2$1717[1, 1, 1, 0, 1, 0, 0, 1, 0]
BOX$C2$1717[1, 1, 1, 0, 1, 0, 1, 0, 0]
BOX$C2$1717[1, 1, 1, 0, 1, 0, 1, 1, -2]
BOX$C2$1717[1, 1, 1, 0, 1, 0, 1, 1, -1]
BOX$C2$1717[1, 1, 1, 0, 1, 0, 1, 1, 0]
BOX$C2$1717[1, 1, 1, 0, 1, 1, -1, 0, 0]
BOX$C2$1717[1, 1, 1, 0, 1, 1, -1, 1, 0]
BOX$C2$1717[1, 1, 1, 0, 1, 1, 0, 0, -1]
BOX$C2$1717[1, 1, 1, 0, 1, 1, 0, 0, 0]
BOX$C2$1717[1, 1, 1, 0, 1, 1, 0, 1, -1]
BOX$C2$1717[1, 1, 1, 0, 1, 1, 0, 1, 0]
BOX$C2$1717[1, 1, 1, 0, 1, 1, 1, -1, 0]
BOX$C2$1717[1, 1, 1, 0, 1, 1, 1, 0, -1]
BOX$C2$1717[1, 1, 1, 0, 1, 1, 1, 0, 0]
BOX$C2$1717[1, 1, 1, 0, 1, 1, 1, 1, -2]
BOX$C2$1717[1, 1, 1, 0, 1, 1, 1, 1, -1]
BOX$C2$1717[1, 1, 1, 0, 1, 1, 1, 1, 0]