BOX$A2$4642[-2, 1, 1, 1, 0, 1, 0, 1, 1]
BOX$A2$4642[-1, 0, 1, 1, 0, 1, 0, 1, 1]
BOX$A2$4642[-1, 1, -1, 1, 0, 1, 0, 1, 1]
BOX$A2$4642[-1, 1, 0, 0, 0, 1, 0, 1, 1]
BOX$A2$4642[-1, 1, 0, 1, -1, 1, 0, 1, 1]
BOX$A2$4642[-1, 1, 0, 1, 0, 0, 0, 1, 1]
BOX$A2$4642[-1, 1, 0, 1, 0, 1, -1, 1, 1]
BOX$A2$4642[-1, 1, 0, 1, 0, 1, 0, 1, 0]
BOX$A2$4642[-1, 1, 0, 1, 0, 1, 0, 1, 1]
BOX$A2$4642[-1, 1, 1, -1, 0, 1, 0, 1, 1]
BOX$A2$4642[-1, 1, 1, 0, -1, 1, 0, 1, 1]
BOX$A2$4642[-1, 1, 1, 0, 0, 0, 0, 1, 1]
BOX$A2$4642[-1, 1, 1, 0, 0, 1, -1, 1, 1]
BOX$A2$4642[-1, 1, 1, 0, 0, 1, 0, 1, 0]
BOX$A2$4642[-1, 1, 1, 0, 0, 1, 0, 1, 1]
BOX$A2$4642[-1, 1, 1, 1, -1, 0, 0, 1, 1]
BOX$A2$4642[-1, 1, 1, 1, -1, 1, -1, 1, 1]
BOX$A2$4642[-1, 1, 1, 1, -1, 1, 0, 1, 1]
BOX$A2$4642[-1, 1, 1, 1, 0, -1, 0, 1, 1]
BOX$A2$4642[-1, 1, 1, 1, 0, 0, -1, 1, 1]
BOX$A2$4642[-1, 1, 1, 1, 0, 0, 0, 1, 0]
BOX$A2$4642[-1, 1, 1, 1, 0, 0, 0, 1, 1]
BOX$A2$4642[-1, 1, 1, 1, 0, 1, -2, 1, 1]
BOX$A2$4642[-1, 1, 1, 1, 0, 1, -1, 1, 0]
BOX$A2$4642[-1, 1, 1, 1, 0, 1, -1, 1, 1]
BOX$A2$4642[-1, 1, 1, 1, 0, 1, 0, 0, 1]
BOX$A2$4642[-1, 1, 1, 1, 0, 1, 0, 1, 0]
BOX$A2$4642[-1, 1, 1, 1, 0, 1, 0, 1, 1]
BOX$A2$4642[0, 0, 0, 0, 0, 1, 0, 1, 1]
BOX$A2$4642[0, 0, 0, 1, 0, 0, 0, 1, 1]
BOX$A2$4642[0, 0, 0, 1, 0, 1, 0, 0, 1]
BOX$A2$4642[0, 0, 0, 1, 0, 1, 0, 1, 1]
BOX$A2$4642[0, 0, 1, -1, 0, 1, 0, 1, 1]
BOX$A2$4642[0, 0, 1, 0, -1, 1, 0, 1, 1]
BOX$A2$4642[0, 0, 1, 0, 0, 0, 0, 1, 1]
BOX$A2$4642[0, 0, 1, 0, 0, 1, -1, 1, 1]
BOX$A2$4642[0, 0, 1, 0, 0, 1, 0, 0, 1]
BOX$A2$4642[0, 0, 1, 0, 0, 1, 0, 1, 0]
BOX$A2$4642[0, 0, 1, 0, 0, 1, 0, 1, 1]
BOX$A2$4642[0, 0, 1, 1, -1, 0, 0, 1, 1]
BOX$A2$4642[0, 0, 1, 1, -1, 1, 0, 1, 1]
BOX$A2$4642[0, 0, 1, 1, 0, -1, 0, 1, 1]
BOX$A2$4642[0, 0, 1, 1, 0, 0, -1, 1, 1]
BOX$A2$4642[0, 0, 1, 1, 0, 0, 0, 0, 1]
BOX$A2$4642[0, 0, 1, 1, 0, 0, 0, 1, 0]
BOX$A2$4642[0, 0, 1, 1, 0, 0, 0, 1, 1]
BOX$A2$4642[0, 0, 1, 1, 0, 1, -1, 0, 1]
BOX$A2$4642[0, 0, 1, 1, 0, 1, -1, 1, 1]
BOX$A2$4642[0, 0, 1, 1, 0, 1, 0, 0, 1]
BOX$A2$4642[0, 0, 1, 1, 0, 1, 0, 1, 0]
BOX$A2$4642[0, 0, 1, 1, 0, 1, 0, 1, 1]
BOX$A2$4642[0, 1, -1, 0, 0, 1, 0, 1, 1]
BOX$A2$4642[0, 1, -1, 1, 0, 1, 0, 0, 1]
BOX$A2$4642[0, 1, -1, 1, 0, 1, 0, 1, 1]
BOX$A2$4642[0, 1, 0, -1, 0, 1, 0, 1, 1]
BOX$A2$4642[0, 1, 0, 0, -1, 1, 0, 1, 1]
BOX$A2$4642[0, 1, 0, 0, 0, 0, 0, 1, 1]
BOX$A2$4642[0, 1, 0, 0, 0, 1, -1, 1, 1]
BOX$A2$4642[0, 1, 0, 0, 0, 1, 0, 0, 1]
BOX$A2$4642[0, 1, 0, 0, 0, 1, 0, 1, 0]
BOX$A2$4642[0, 1, 0, 0, 0, 1, 0, 1, 1]
BOX$A2$4642[0, 1, 0, 1, -1, 0, 0, 1, 1]
BOX$A2$4642[0, 1, 0, 1, -1, 1, 0, 0, 1]
BOX$A2$4642[0, 1, 0, 1, -1, 1, 0, 1, 1]
BOX$A2$4642[0, 1, 0, 1, 0, 0, 0, 0, 1]
BOX$A2$4642[0, 1, 0, 1, 0, 0, 0, 1, 0]
BOX$A2$4642[0, 1, 0, 1, 0, 0, 0, 1, 1]
BOX$A2$4642[0, 1, 0, 1, 0, 1, -1, 0, 1]
BOX$A2$4642[0, 1, 0, 1, 0, 1, -1, 1, 1]
BOX$A2$4642[0, 1, 0, 1, 0, 1, 0, 0, 1]
BOX$A2$4642[0, 1, 0, 1, 0, 1, 0, 1, 0]
BOX$A2$4642[0, 1, 0, 1, 0, 1, 0, 1, 1]
BOX$A2$4642[0, 1, 1, -2, 0, 1, 0, 1, 1]
BOX$A2$4642[0, 1, 1, -1, -1, 1, 0, 1, 1]
BOX$A2$4642[0, 1, 1, -1, 0, 0, 0, 1, 1]
BOX$A2$4642[0, 1, 1, -1, 0, 1, -1, 1, 1]
BOX$A2$4642[0, 1, 1, -1, 0, 1, 0, 0, 1]
BOX$A2$4642[0, 1, 1, -1, 0, 1, 0, 1, 0]
BOX$A2$4642[0, 1, 1, -1, 0, 1, 0, 1, 1]
BOX$A2$4642[0, 1, 1, 0, -2, 1, 0, 1, 1]
BOX$A2$4642[0, 1, 1, 0, -1, 0, 0, 1, 1]
BOX$A2$4642[0, 1, 1, 0, -1, 1, -1, 1, 1]
BOX$A2$4642[0, 1, 1, 0, -1, 1, 0, 0, 1]
BOX$A2$4642[0, 1, 1, 0, -1, 1, 0, 1, 0]
BOX$A2$4642[0, 1, 1, 0, -1, 1, 0, 1, 1]
BOX$A2$4642[0, 1, 1, 0, 0, -1, 0, 1, 1]
BOX$A2$4642[0, 1, 1, 0, 0, 0, -1, 1, 1]
BOX$A2$4642[0, 1, 1, 0, 0, 0, 0, 0, 1]
BOX$A2$4642[0, 1, 1, 0, 0, 0, 0, 1, 1]
BOX$A2$4642[0, 1, 1, 0, 0, 1, -2, 1, 1]
BOX$A2$4642[0, 1, 1, 0, 0, 1, -1, 0, 1]
BOX$A2$4642[0, 1, 1, 0, 0, 1, -1, 1, 0]
BOX$A2$4642[0, 1, 1, 0, 0, 1, -1, 1, 1]
BOX$A2$4642[0, 1, 1, 0, 0, 1, 0, 0, 1]
BOX$A2$4642[0, 1, 1, 0, 0, 1, 0, 1, 0]
BOX$A2$4642[0, 1, 1, 0, 0, 1, 0, 1, 1]
BOX$A2$4642[0, 1, 1, 1, -2, 0, 0, 1, 1]
BOX$A2$4642[0, 1, 1, 1, -2, 1, 0, 1, 1]
BOX$A2$4642[0, 1, 1, 1, -1, -1, 0, 1, 1]
BOX$A2$4642[0, 1, 1, 1, -1, 0, -1, 1, 1]
BOX$A2$4642[0, 1, 1, 1, -1, 0, 0, 0, 1]
BOX$A2$4642[0, 1, 1, 1, -1, 0, 0, 1, 0]
BOX$A2$4642[0, 1, 1, 1, -1, 0, 0, 1, 1]
BOX$A2$4642[0, 1, 1, 1, -1, 1, -1, 0, 1]
BOX$A2$4642[0, 1, 1, 1, -1, 1, -1, 1, 1]
BOX$A2$4642[0, 1, 1, 1, -1, 1, 0, 0, 1]
BOX$A2$4642[0, 1, 1, 1, -1, 1, 0, 1, 0]
BOX$A2$4642[0, 1, 1, 1, -1, 1, 0, 1, 1]
BOX$A2$4642[0, 1, 1, 1, 0, -1, 0, 0, 1]
BOX$A2$4642[0, 1, 1, 1, 0, -1, 0, 1, 0]
BOX$A2$4642[0, 1, 1, 1, 0, -1, 0, 1, 1]
BOX$A2$4642[0, 1, 1, 1, 0, 0, -1, 0, 1]
BOX$A2$4642[0, 1, 1, 1, 0, 0, -1, 1, 0]
BOX$A2$4642[0, 1, 1, 1, 0, 0, -1, 1, 1]
BOX$A2$4642[0, 1, 1, 1, 0, 0, 0, 0, 1]
BOX$A2$4642[0, 1, 1, 1, 0, 0, 0, 1, 0]
BOX$A2$4642[0, 1, 1, 1, 0, 0, 0, 1, 1]
BOX$A2$4642[0, 1, 1, 1, 0, 1, -2, 0, 1]
BOX$A2$4642[0, 1, 1, 1, 0, 1, -2, 1, 1]
BOX$A2$4642[0, 1, 1, 1, 0, 1, -1, 0, 1]
BOX$A2$4642[0, 1, 1, 1, 0, 1, -1, 1, 0]
BOX$A2$4642[0, 1, 1, 1, 0, 1, -1, 1, 1]
BOX$A2$4642[0, 1, 1, 1, 0, 1, 0, -1, 1]
BOX$A2$4642[0, 1, 1, 1, 0, 1, 0, 0, 0]
BOX$A2$4642[0, 1, 1, 1, 0, 1, 0, 0, 1]
BOX$A2$4642[0, 1, 1, 1, 0, 1, 0, 1, -1]
BOX$A2$4642[0, 1, 1, 1, 0, 1, 0, 1, 0]
BOX$A2$4642[0, 1, 1, 1, 0, 1, 0, 1, 1]
BOX$A2$4642[1, -1, 1, 0, 0, 0, 0, 1, 1]
BOX$A2$4642[1, -1, 1, 0, 0, 1, 0, 0, 1]
BOX$A2$4642[1, -1, 1, 0, 0, 1, 0, 1, 1]
BOX$A2$4642[1, -1, 1, 1, 0, -1, 0, 1, 1]
BOX$A2$4642[1, -1, 1, 1, 0, 0, 0, 0, 1]
BOX$A2$4642[1, -1, 1, 1, 0, 0, 0, 1, 1]
BOX$A2$4642[1, -1, 1, 1, 0, 1, 0, 0, 1]
BOX$A2$4642[1, -1, 1, 1, 0, 1, 0, 1, 1]
BOX$A2$4642[1, 0, 0, 0, 0, 0, 0, 1, 1]
BOX$A2$4642[1, 0, 0, 0, 0, 1, 0, 0, 1]
BOX$A2$4642[1, 0, 0, 0, 0, 1, 0, 1, 1]
BOX$A2$4642[1, 0, 0, 1, 0, 0, 0, 0, 1]
BOX$A2$4642[1, 0, 0, 1, 0, 0, 0, 1, 1]
BOX$A2$4642[1, 0, 0, 1, 0, 1, 0, 0, 1]
BOX$A2$4642[1, 0, 0, 1, 0, 1, 0, 1, 1]
BOX$A2$4642[1, 0, 1, -1, 0, 0, 0, 1, 1]
BOX$A2$4642[1, 0, 1, -1, 0, 1, 0, 0, 1]
BOX$A2$4642[1, 0, 1, -1, 0, 1, 0, 1, 1]
BOX$A2$4642[1, 0, 1, 0, -1, 0, 0, 1, 1]
BOX$A2$4642[1, 0, 1, 0, -1, 1, 0, 0, 1]
BOX$A2$4642[1, 0, 1, 0, -1, 1, 0, 1, 1]
BOX$A2$4642[1, 0, 1, 0, 0, -1, 0, 1, 1]
BOX$A2$4642[1, 0, 1, 0, 0, 0, -1, 1, 1]
BOX$A2$4642[1, 0, 1, 0, 0, 0, 0, 0, 1]
BOX$A2$4642[1, 0, 1, 0, 0, 0, 0, 1, 0]
BOX$A2$4642[1, 0, 1, 0, 0, 0, 0, 1, 1]
BOX$A2$4642[1, 0, 1, 0, 0, 1, -1, 0, 1]
BOX$A2$4642[1, 0, 1, 0, 0, 1, -1, 1, 1]
BOX$A2$4642[1, 0, 1, 0, 0, 1, 0, 0, 1]
BOX$A2$4642[1, 0, 1, 0, 0, 1, 0, 1, 0]
BOX$A2$4642[1, 0, 1, 0, 0, 1, 0, 1, 1]
BOX$A2$4642[1, 0, 1, 1, -1, -1, 0, 1, 1]
BOX$A2$4642[1, 0, 1, 1, -1, 0, 0, 0, 1]
BOX$A2$4642[1, 0, 1, 1, -1, 0, 0, 1, 1]
BOX$A2$4642[1, 0, 1, 1, -1, 1, 0, 0, 1]
BOX$A2$4642[1, 0, 1, 1, -1, 1, 0, 1, 1]
BOX$A2$4642[1, 0, 1, 1, 0, -1, 0, 0, 1]
BOX$A2$4642[1, 0, 1, 1, 0, -1, 0, 1, 0]
BOX$A2$4642[1, 0, 1, 1, 0, -1, 0, 1, 1]
BOX$A2$4642[1, 0, 1, 1, 0, 0, -1, 0, 1]
BOX$A2$4642[1, 0, 1, 1, 0, 0, -1, 1, 1]
BOX$A2$4642[1, 0, 1, 1, 0, 0, 0, 0, 1]
BOX$A2$4642[1, 0, 1, 1, 0, 0, 0, 1, 0]
BOX$A2$4642[1, 0, 1, 1, 0, 0, 0, 1, 1]
BOX$A2$4642[1, 0, 1, 1, 0, 1, -1, 0, 1]
BOX$A2$4642[1, 0, 1, 1, 0, 1, -1, 1, 1]
BOX$A2$4642[1, 0, 1, 1, 0, 1, 0, -1, 1]
BOX$A2$4642[1, 0, 1, 1, 0, 1, 0, 0, 0]
BOX$A2$4642[1, 0, 1, 1, 0, 1, 0, 0, 1]
BOX$A2$4642[1, 0, 1, 1, 0, 1, 0, 1, 0]
BOX$A2$4642[1, 0, 1, 1, 0, 1, 0, 1, 1]
BOX$A2$4642[1, 1, -1, 0, 0, 1, 0, 0, 1]
BOX$A2$4642[1, 1, -1, 0, 0, 1, 0, 1, 1]
BOX$A2$4642[1, 1, -1, 1, 0, 0, 0, 1, 1]
BOX$A2$4642[1, 1, -1, 1, 0, 1, 0, 0, 1]
BOX$A2$4642[1, 1, -1, 1, 0, 1, 0, 1, 1]
BOX$A2$4642[1, 1, 0, -1, 0, 1, 0, 0, 1]
BOX$A2$4642[1, 1, 0, -1, 0, 1, 0, 1, 1]
BOX$A2$4642[1, 1, 0, 0, -1, 1, 0, 0, 1]
BOX$A2$4642[1, 1, 0, 0, -1, 1, 0, 1, 1]
BOX$A2$4642[1, 1, 0, 0, 0, 0, 0, 0, 1]
BOX$A2$4642[1, 1, 0, 0, 0, 0, 0, 1, 0]
BOX$A2$4642[1, 1, 0, 0, 0, 0, 0, 1, 1]
BOX$A2$4642[1, 1, 0, 0, 0, 1, -1, 0, 1]
BOX$A2$4642[1, 1, 0, 0, 0, 1, -1, 1, 1]
BOX$A2$4642[1, 1, 0, 0, 0, 1, 0, 0, 1]
BOX$A2$4642[1, 1, 0, 0, 0, 1, 0, 1, 0]
BOX$A2$4642[1, 1, 0, 0, 0, 1, 0, 1, 1]
BOX$A2$4642[1, 1, 0, 1, -1, 0, 0, 0, 1]
BOX$A2$4642[1, 1, 0, 1, -1, 0, 0, 1, 1]
BOX$A2$4642[1, 1, 0, 1, -1, 1, 0, 0, 1]
BOX$A2$4642[1, 1, 0, 1, -1, 1, 0, 1, 1]
BOX$A2$4642[1, 1, 0, 1, 0, -1, 0, 1, 1]
BOX$A2$4642[1, 1, 0, 1, 0, 0, -1, 1, 1]
BOX$A2$4642[1, 1, 0, 1, 0, 0, 0, 0, 1]
BOX$A2$4642[1, 1, 0, 1, 0, 0, 0, 1, 0]
BOX$A2$4642[1, 1, 0, 1, 0, 0, 0, 1, 1]
BOX$A2$4642[1, 1, 0, 1, 0, 1, -1, 0, 1]
BOX$A2$4642[1, 1, 0, 1, 0, 1, -1, 1, 1]
BOX$A2$4642[1, 1, 0, 1, 0, 1, 0, -1, 1]
BOX$A2$4642[1, 1, 0, 1, 0, 1, 0, 0, 0]
BOX$A2$4642[1, 1, 0, 1, 0, 1, 0, 0, 1]
BOX$A2$4642[1, 1, 0, 1, 0, 1, 0, 1, 0]
BOX$A2$4642[1, 1, 0, 1, 0, 1, 0, 1, 1]
BOX$A2$4642[1, 1, 1, -2, 0, 1, 0, 0, 1]
BOX$A2$4642[1, 1, 1, -2, 0, 1, 0, 1, 1]
BOX$A2$4642[1, 1, 1, -1, -1, 1, 0, 0, 1]
BOX$A2$4642[1, 1, 1, -1, -1, 1, 0, 1, 1]
BOX$A2$4642[1, 1, 1, -1, 0, 0, 0, 0, 1]
BOX$A2$4642[1, 1, 1, -1, 0, 0, 0, 1, 0]
BOX$A2$4642[1, 1, 1, -1, 0, 0, 0, 1, 1]
BOX$A2$4642[1, 1, 1, -1, 0, 1, -1, 0, 1]
BOX$A2$4642[1, 1, 1, -1, 0, 1, -1, 1, 1]
BOX$A2$4642[1, 1, 1, -1, 0, 1, 0, 0, 1]
BOX$A2$4642[1, 1, 1, -1, 0, 1, 0, 1, 0]
BOX$A2$4642[1, 1, 1, -1, 0, 1, 0, 1, 1]
BOX$A2$4642[1, 1, 1, 0, -2, 1, 0, 0, 1]
BOX$A2$4642[1, 1, 1, 0, -2, 1, 0, 1, 1]
BOX$A2$4642[1, 1, 1, 0, -1, 0, 0, 0, 1]
BOX$A2$4642[1, 1, 1, 0, -1, 0, 0, 1, 0]
BOX$A2$4642[1, 1, 1, 0, -1, 0, 0, 1, 1]
BOX$A2$4642[1, 1, 1, 0, -1, 1, -1, 0, 1]
BOX$A2$4642[1, 1, 1, 0, -1, 1, -1, 1, 1]
BOX$A2$4642[1, 1, 1, 0, -1, 1, 0, 0, 1]
BOX$A2$4642[1, 1, 1, 0, -1, 1, 0, 1, 0]
BOX$A2$4642[1, 1, 1, 0, -1, 1, 0, 1, 1]
BOX$A2$4642[1, 1, 1, 0, 0, -1, 0, 0, 1]
BOX$A2$4642[1, 1, 1, 0, 0, -1, 0, 1, 0]
BOX$A2$4642[1, 1, 1, 0, 0, -1, 0, 1, 1]
BOX$A2$4642[1, 1, 1, 0, 0, 0, -1, 0, 1]
BOX$A2$4642[1, 1, 1, 0, 0, 0, -1, 1, 0]
BOX$A2$4642[1, 1, 1, 0, 0, 0, -1, 1, 1]
BOX$A2$4642[1, 1, 1, 0, 0, 0, 0, 0, 1]
BOX$A2$4642[1, 1, 1, 0, 0, 0, 0, 1, 0]
BOX$A2$4642[1, 1, 1, 0, 0, 0, 0, 1, 1]
BOX$A2$4642[1, 1, 1, 0, 0, 1, -2, 0, 1]
BOX$A2$4642[1, 1, 1, 0, 0, 1, -2, 1, 1]
BOX$A2$4642[1, 1, 1, 0, 0, 1, -1, 0, 1]
BOX$A2$4642[1, 1, 1, 0, 0, 1, -1, 1, 0]
BOX$A2$4642[1, 1, 1, 0, 0, 1, -1, 1, 1]
BOX$A2$4642[1, 1, 1, 0, 0, 1, 0, -1, 1]
BOX$A2$4642[1, 1, 1, 0, 0, 1, 0, 0, 0]
BOX$A2$4642[1, 1, 1, 0, 0, 1, 0, 0, 1]
BOX$A2$4642[1, 1, 1, 0, 0, 1, 0, 1, -1]
BOX$A2$4642[1, 1, 1, 0, 0, 1, 0, 1, 0]
BOX$A2$4642[1, 1, 1, 0, 0, 1, 0, 1, 1]
BOX$A2$4642[1, 1, 1, 1, -2, 0, 0, 0, 1]
BOX$A2$4642[1, 1, 1, 1, -2, 0, 0, 1, 1]
BOX$A2$4642[1, 1, 1, 1, -2, 1, 0, 0, 1]
BOX$A2$4642[1, 1, 1, 1, -2, 1, 0, 1, 1]
BOX$A2$4642[1, 1, 1, 1, -1, -1, 0, 0, 1]
BOX$A2$4642[1, 1, 1, 1, -1, -1, 0, 1, 0]
BOX$A2$4642[1, 1, 1, 1, -1, -1, 0, 1, 1]
BOX$A2$4642[1, 1, 1, 1, -1, 0, -1, 0, 1]
BOX$A2$4642[1, 1, 1, 1, -1, 0, -1, 1, 1]
BOX$A2$4642[1, 1, 1, 1, -1, 0, 0, 0, 1]
BOX$A2$4642[1, 1, 1, 1, -1, 0, 0, 1, 0]
BOX$A2$4642[1, 1, 1, 1, -1, 0, 0, 1, 1]
BOX$A2$4642[1, 1, 1, 1, -1, 1, -1, 0, 1]
BOX$A2$4642[1, 1, 1, 1, -1, 1, -1, 1, 1]
BOX$A2$4642[1, 1, 1, 1, -1, 1, 0, -1, 1]
BOX$A2$4642[1, 1, 1, 1, -1, 1, 0, 0, 0]
BOX$A2$4642[1, 1, 1, 1, -1, 1, 0, 0, 1]
BOX$A2$4642[1, 1, 1, 1, -1, 1, 0, 1, 0]
BOX$A2$4642[1, 1, 1, 1, -1, 1, 0, 1, 1]
BOX$A2$4642[1, 1, 1, 1, 0, -1, 0, 0, 1]
BOX$A2$4642[1, 1, 1, 1, 0, -1, 0, 1, 0]
BOX$A2$4642[1, 1, 1, 1, 0, -1, 0, 1, 1]
BOX$A2$4642[1, 1, 1, 1, 0, 0, -1, 0, 1]
BOX$A2$4642[1, 1, 1, 1, 0, 0, -1, 1, 0]
BOX$A2$4642[1, 1, 1, 1, 0, 0, -1, 1, 1]
BOX$A2$4642[1, 1, 1, 1, 0, 0, 0, -1, 1]
BOX$A2$4642[1, 1, 1, 1, 0, 0, 0, 0, 0]
BOX$A2$4642[1, 1, 1, 1, 0, 0, 0, 0, 1]
BOX$A2$4642[1, 1, 1, 1, 0, 0, 0, 1, 0]
BOX$A2$4642[1, 1, 1, 1, 0, 0, 0, 1, 1]
BOX$A2$4642[1, 1, 1, 1, 0, 1, -2, 0, 1]
BOX$A2$4642[1, 1, 1, 1, 0, 1, -2, 1, 1]
BOX$A2$4642[1, 1, 1, 1, 0, 1, -1, -1, 1]
BOX$A2$4642[1, 1, 1, 1, 0, 1, -1, 0, 1]
BOX$A2$4642[1, 1, 1, 1, 0, 1, -1, 1, 0]
BOX$A2$4642[1, 1, 1, 1, 0, 1, -1, 1, 1]
BOX$A2$4642[1, 1, 1, 1, 0, 1, 0, -1, 1]
BOX$A2$4642[1, 1, 1, 1, 0, 1, 0, 0, 0]
BOX$A2$4642[1, 1, 1, 1, 0, 1, 0, 0, 1]
BOX$A2$4642[1, 1, 1, 1, 0, 1, 0, 1, -1]
BOX$A2$4642[1, 1, 1, 1, 0, 1, 0, 1, 0]
BOX$A2$4642[1, 1, 1, 1, 0, 1, 0, 1, 1]
BOX$A2$4642[-1, 0, 0, 1, 0, 1, 0, 2, 1]
BOX$A2$4642[-1, 0, 1, 1, 0, 1, 0, 2, 0]
BOX$A2$4642[-1, 0, 1, 1, 0, 1, 0, 2, 1]
BOX$A2$4642[0, -1, 1, 1, 0, 1, 0, 1, 1]
BOX$A2$4642[0, 0, 0, 0, 0, 1, 0, 2, 1]
BOX$A2$4642[0, 0, 0, 1, 0, 0, 0, 2, 1]
BOX$A2$4642[0, 0, 0, 1, 0, 1, 0, 2, 1]
BOX$A2$4642[0, 0, 1, 0, 0, 1, 0, 2, 0]
BOX$A2$4642[0, 0, 1, 0, 0, 1, 0, 2, 1]
BOX$A2$4642[0, 0, 1, 1, 0, 0, 0, 2, 0]
BOX$A2$4642[0, 0, 1, 1, 0, 0, 0, 2, 1]
BOX$A2$4642[0, 0, 1, 1, 0, 1, 0, 2, 0]
BOX$A2$4642[0, 0, 1, 1, 0, 1, 0, 2, 1]
BOX$A2$4642[1, 0, 0, -1, 0, 1, 0, 2, 1]
BOX$A2$4642[1, 0, 0, 0, 0, 0, 0, 2, 1]
BOX$A2$4642[1, 0, 0, 0, 0, 1, 0, 2, 1]
BOX$A2$4642[1, 0, 0, 1, 0, -1, 0, 2, 1]
BOX$A2$4642[1, 0, 0, 1, 0, 0, 0, 2, 1]
BOX$A2$4642[1, 0, 0, 1, 0, 1, 0, 2, 1]
BOX$A2$4642[1, 0, 1, -1, 0, 1, 0, 2, 0]
BOX$A2$4642[1, 0, 1, -1, 0, 1, 0, 2, 1]
BOX$A2$4642[1, 0, 1, 0, 0, 0, 0, 2, 0]
BOX$A2$4642[1, 0, 1, 0, 0, 0, 0, 2, 1]
BOX$A2$4642[1, 0, 1, 0, 0, 1, 0, 2, 0]
BOX$A2$4642[1, 0, 1, 0, 0, 1, 0, 2, 1]
BOX$A2$4642[1, 0, 1, 1, 0, -1, 0, 2, 0]
BOX$A2$4642[1, 0, 1, 1, 0, -1, 0, 2, 1]
BOX$A2$4642[1, 0, 1, 1, 0, 0, 0, 2, 0]
BOX$A2$4642[1, 0, 1, 1, 0, 0, 0, 2, 1]
BOX$A2$4642[1, 0, 1, 1, 0, 1, 0, 2, 0]
BOX$A2$4642[1, 0, 1, 1, 0, 1, 0, 2, 1]
BOX$A2$4642[-1, 1, 1, 1, 0, 1, 0, 2, 1]
BOX$A2$4642[-1, 1, 1, 1, 0, 2, 0, 1, 1]
BOX$A2$4642[-1, 1, 1, 2, 0, 1, 0, 1, 1]
BOX$A2$4642[-1, 1, 2, 1, 0, 1, 0, 1, 1]
BOX$A2$4642[0, 0, 2, 1, 0, 1, 0, 1, 1]
BOX$A2$4642[0, 1, 1, 0, 0, 1, 0, 2, 1]
BOX$A2$4642[0, 1, 1, 0, 0, 2, 0, 1, 1]
BOX$A2$4642[0, 1, 1, 1, 0, 0, 0, 2, 1]
BOX$A2$4642[0, 1, 1, 1, 0, 1, 0, 1, 2]
BOX$A2$4642[0, 1, 1, 1, 0, 1, 0, 2, 1]
BOX$A2$4642[0, 1, 1, 1, 0, 2, 0, 0, 1]
BOX$A2$4642[0, 1, 1, 1, 0, 2, 0, 1, 1]
BOX$A2$4642[0, 1, 1, 2, 0, 0, 0, 1, 1]
BOX$A2$4642[0, 1, 1, 2, 0, 1, 0, 0, 1]
BOX$A2$4642[0, 1, 1, 2, 0, 1, 0, 1, 1]
BOX$A2$4642[0, 1, 2, 0, 0, 1, 0, 1, 1]
BOX$A2$4642[0, 1, 2, 1, -1, 1, 0, 1, 1]
BOX$A2$4642[0, 1, 2, 1, 0, 1, -1, 1, 1]
BOX$A2$4642[0, 1, 2, 1, 0, 1, 0, 0, 1]
BOX$A2$4642[0, 1, 2, 1, 0, 1, 0, 1, 0]
BOX$A2$4642[0, 1, 2, 1, 0, 1, 0, 1, 1]
BOX$A2$4642[0, 2, 1, 1, 0, 1, 0, 1, 1]
BOX$A2$4642[1, -1, 1, 1, 0, 1, 0, 1, 2]
BOX$A2$4642[1, -1, 2, 1, 0, 1, 0, 1, 1]
BOX$A2$4642[1, 0, 0, 1, 0, 1, 0, 1, 2]
BOX$A2$4642[1, 0, 1, 0, 0, 1, 0, 1, 2]
BOX$A2$4642[1, 0, 1, 1, -1, 1, 0, 1, 2]
BOX$A2$4642[1, 0, 1, 1, 0, 0, 0, 1, 2]
BOX$A2$4642[1, 0, 1, 1, 0, 1, -1, 1, 2]
BOX$A2$4642[1, 0, 1, 1, 0, 1, 0, 1, 2]
BOX$A2$4642[1, 0, 2, 0, 0, 1, 0, 1, 1]
BOX$A2$4642[1, 0, 2, 1, -1, 1, 0, 1, 1]
BOX$A2$4642[1, 0, 2, 1, 0, 1, -1, 1, 1]
BOX$A2$4642[1, 0, 2, 1, 0, 1, 0, 0, 1]
BOX$A2$4642[1, 0, 2, 1, 0, 1, 0, 1, 0]
BOX$A2$4642[1, 0, 2, 1, 0, 1, 0, 1, 1]
BOX$A2$4642[1, 1, -1, 1, 0, 1, 0, 1, 2]
BOX$A2$4642[1, 1, 0, 0, 0, 1, 0, 1, 2]
BOX$A2$4642[1, 1, 0, 1, -1, 1, 0, 1, 2]
BOX$A2$4642[1, 1, 0, 1, 0, 0, 0, 1, 2]
BOX$A2$4642[1, 1, 0, 1, 0, 1, -1, 1, 2]
BOX$A2$4642[1, 1, 0, 1, 0, 1, 0, 1, 2]
BOX$A2$4642[1, 1, 1, -1, 0, 1, 0, 1, 2]
BOX$A2$4642[1, 1, 1, -1, 0, 1, 0, 2, 1]
BOX$A2$4642[1, 1, 1, -1, 0, 2, 0, 1, 1]
BOX$A2$4642[1, 1, 1, 0, -1, 1, 0, 1, 2]
BOX$A2$4642[1, 1, 1, 0, 0, 0, 0, 1, 2]
BOX$A2$4642[1, 1, 1, 0, 0, 0, 0, 2, 1]
BOX$A2$4642[1, 1, 1, 0, 0, 1, -1, 1, 2]
BOX$A2$4642[1, 1, 1, 0, 0, 1, 0, 1, 2]
BOX$A2$4642[1, 1, 1, 0, 0, 1, 0, 2, 1]
BOX$A2$4642[1, 1, 1, 0, 0, 2, 0, 0, 1]
BOX$A2$4642[1, 1, 1, 0, 0, 2, 0, 1, 1]
BOX$A2$4642[1, 1, 1, 1, -2, 1, 0, 1, 2]
BOX$A2$4642[1, 1, 1, 1, -1, 0, 0, 1, 2]
BOX$A2$4642[1, 1, 1, 1, -1, 1, -1, 1, 2]
BOX$A2$4642[1, 1, 1, 1, -1, 1, 0, 1, 2]
BOX$A2$4642[1, 1, 1, 1, 0, -1, 0, 1, 2]
BOX$A2$4642[1, 1, 1, 1, 0, -1, 0, 2, 1]
BOX$A2$4642[1, 1, 1, 1, 0, 0, -1, 1, 2]
BOX$A2$4642[1, 1, 1, 1, 0, 0, 0, 1, 2]
BOX$A2$4642[1, 1, 1, 1, 0, 0, 0, 2, 1]
BOX$A2$4642[1, 1, 1, 1, 0, 1, -2, 1, 2]
BOX$A2$4642[1, 1, 1, 1, 0, 1, -1, 1, 2]
BOX$A2$4642[1, 1, 1, 1, 0, 1, 0, 1, 2]
BOX$A2$4642[1, 1, 1, 1, 0, 1, 0, 2, 1]
BOX$A2$4642[1, 1, 1, 1, 0, 2, 0, -1, 1]
BOX$A2$4642[1, 1, 1, 1, 0, 2, 0, 0, 1]
BOX$A2$4642[1, 1, 1, 1, 0, 2, 0, 1, 1]
BOX$A2$4642[1, 1, 1, 2, 0, -1, 0, 1, 1]
BOX$A2$4642[1, 1, 1, 2, 0, 0, 0, 0, 1]
BOX$A2$4642[1, 1, 1, 2, 0, 0, 0, 1, 1]
BOX$A2$4642[1, 1, 1, 2, 0, 1, 0, -1, 1]
BOX$A2$4642[1, 1, 1, 2, 0, 1, 0, 0, 1]
BOX$A2$4642[1, 1, 1, 2, 0, 1, 0, 1, 1]
BOX$A2$4642[1, 1, 2, -1, 0, 1, 0, 1, 1]
BOX$A2$4642[1, 1, 2, 0, -1, 1, 0, 1, 1]
BOX$A2$4642[1, 1, 2, 0, 0, 1, -1, 1, 1]
BOX$A2$4642[1, 1, 2, 0, 0, 1, 0, 0, 1]
BOX$A2$4642[1, 1, 2, 0, 0, 1, 0, 1, 0]
BOX$A2$4642[1, 1, 2, 0, 0, 1, 0, 1, 1]
BOX$A2$4642[1, 1, 2, 1, -2, 1, 0, 1, 1]
BOX$A2$4642[1, 1, 2, 1, -1, 1, -1, 1, 1]
BOX$A2$4642[1, 1, 2, 1, -1, 1, 0, 0, 1]
BOX$A2$4642[1, 1, 2, 1, -1, 1, 0, 1, 0]
BOX$A2$4642[1, 1, 2, 1, -1, 1, 0, 1, 1]
BOX$A2$4642[1, 1, 2, 1, 0, 1, -2, 1, 1]
BOX$A2$4642[1, 1, 2, 1, 0, 1, -1, 0, 1]
BOX$A2$4642[1, 1, 2, 1, 0, 1, -1, 1, 0]
BOX$A2$4642[1, 1, 2, 1, 0, 1, -1, 1, 1]
BOX$A2$4642[1, 1, 2, 1, 0, 1, 0, -1, 1]
BOX$A2$4642[1, 1, 2, 1, 0, 1, 0, 0, 0]
BOX$A2$4642[1, 1, 2, 1, 0, 1, 0, 0, 1]
BOX$A2$4642[1, 1, 2, 1, 0, 1, 0, 1, -1]
BOX$A2$4642[1, 1, 2, 1, 0, 1, 0, 1, 0]
BOX$A2$4642[1, 1, 2, 1, 0, 1, 0, 1, 1]
BOX$A2$4642[1, 2, -1, 1, 0, 1, 0, 1, 1]
BOX$A2$4642[1, 2, 0, 0, 0, 1, 0, 1, 1]
BOX$A2$4642[1, 2, 0, 1, -1, 1, 0, 1, 1]
BOX$A2$4642[1, 2, 0, 1, 0, 0, 0, 1, 1]
BOX$A2$4642[1, 2, 0, 1, 0, 1, -1, 1, 1]
BOX$A2$4642[1, 2, 0, 1, 0, 1, 0, 1, 0]
BOX$A2$4642[1, 2, 0, 1, 0, 1, 0, 1, 1]
BOX$A2$4642[1, 2, 1, -1, 0, 1, 0, 1, 1]
BOX$A2$4642[1, 2, 1, 0, -1, 1, 0, 1, 1]
BOX$A2$4642[1, 2, 1, 0, 0, 0, 0, 1, 1]
BOX$A2$4642[1, 2, 1, 0, 0, 1, -1, 1, 1]
BOX$A2$4642[1, 2, 1, 0, 0, 1, 0, 1, 0]
BOX$A2$4642[1, 2, 1, 0, 0, 1, 0, 1, 1]
BOX$A2$4642[1, 2, 1, 1, -2, 1, 0, 1, 1]
BOX$A2$4642[1, 2, 1, 1, -1, 0, 0, 1, 1]
BOX$A2$4642[1, 2, 1, 1, -1, 1, -1, 1, 1]
BOX$A2$4642[1, 2, 1, 1, -1, 1, 0, 1, 0]
BOX$A2$4642[1, 2, 1, 1, -1, 1, 0, 1, 1]
BOX$A2$4642[1, 2, 1, 1, 0, -1, 0, 1, 1]
BOX$A2$4642[1, 2, 1, 1, 0, 0, -1, 1, 1]
BOX$A2$4642[1, 2, 1, 1, 0, 0, 0, 1, 0]
BOX$A2$4642[1, 2, 1, 1, 0, 0, 0, 1, 1]
BOX$A2$4642[1, 2, 1, 1, 0, 1, -2, 1, 1]
BOX$A2$4642[1, 2, 1, 1, 0, 1, -1, 1, 0]
BOX$A2$4642[1, 2, 1, 1, 0, 1, -1, 1, 1]
BOX$A2$4642[1, 2, 1, 1, 0, 1, 0, 1, -1]
BOX$A2$4642[1, 2, 1, 1, 0, 1, 0, 1, 0]
BOX$A2$4642[1, 2, 1, 1, 0, 1, 0, 1, 1]
BOX$A2$4642[2, 1, 1, -1, 0, 1, 0, 1, 1]
BOX$A2$4642[2, 1, 1, 0, 0, 0, 0, 1, 1]
BOX$A2$4642[2, 1, 1, 0, 0, 1, 0, 0, 1]
BOX$A2$4642[2, 1, 1, 0, 0, 1, 0, 1, 1]
BOX$A2$4642[2, 1, 1, 1, 0, -1, 0, 1, 1]
BOX$A2$4642[2, 1, 1, 1, 0, 0, 0, 0, 1]
BOX$A2$4642[2, 1, 1, 1, 0, 0, 0, 1, 1]
BOX$A2$4642[2, 1, 1, 1, 0, 1, 0, -1, 1]
BOX$A2$4642[2, 1, 1, 1, 0, 1, 0, 0, 1]
BOX$A2$4642[2, 1, 1, 1, 0, 1, 0, 1, 1]
BOX$A2$4642[1, 0, 0, 1, 0, 1, 0, 2, 2]
BOX$A2$4642[1, 0, 1, 1, 0, 1, 0, 2, 2]
BOX$A2$4642[1, 0, 2, 1, 0, 1, 0, 2, 0]
BOX$A2$4642[1, 0, 2, 1, 0, 1, 0, 2, 1]
BOX$A2$4642[1, 1, 1, 1, 0, 1, 0, 2, 2]
BOX$A2$4642[1, 1, 1, 1, 0, 2, 0, 1, 2]
BOX$A2$4642[1, 1, 1, 2, 0, 1, 0, 1, 2]
BOX$A2$4642[1, 1, 2, 1, 0, 1, 0, 1, 2]
BOX$A2$4642[1, 1, 2, 1, 0, 1, 0, 2, 1]
BOX$A2$4642[1, 1, 2, 1, 0, 2, 0, 1, 1]
BOX$A2$4642[1, 1, 2, 2, 0, 1, 0, 1, 1]
BOX$A2$4642[1, 2, 1, 1, 0, 1, 0, 2, 1]
BOX$A2$4642[1, 2, 1, 1, 0, 2, 0, 1, 1]
BOX$A2$4642[1, 2, 1, 2, 0, 1, 0, 1, 1]
BOX$A2$4642[1, 2, 2, 1, 0, 1, 0, 1, 1]
BOX$A2$4642[2, 1, 1, 1, 0, 1, 0, 1, 2]
BOX$A2$4642[2, 1, 2, 1, 0, 1, 0, 1, 1]
BOX$A2$4642[2, 2, 1, 1, 0, 1, 0, 1, 1]
BOX$A2$4642[1, 0, 1, 1, 0, 1, 0, 2, 3]
BOX$A2$4642[1, 0, 2, 1, 0, 1, 0, 2, 2]