BOX$D2$5851[-1, 0, 0, 1, 0, 1, 1, 1, 1]
BOX$D2$5851[-1, 0, 1, 1, -1, 1, 0, 1, 1]
BOX$D2$5851[-1, 0, 1, 1, -1, 1, 1, 1, 0]
BOX$D2$5851[-1, 0, 1, 1, -1, 1, 1, 1, 1]
BOX$D2$5851[-1, 0, 1, 1, 0, 0, 1, 1, 1]
BOX$D2$5851[-1, 0, 1, 1, 0, 1, -1, 1, 1]
BOX$D2$5851[-1, 0, 1, 1, 0, 1, 0, 1, 0]
BOX$D2$5851[-1, 0, 1, 1, 0, 1, 0, 1, 1]
BOX$D2$5851[-1, 0, 1, 1, 0, 1, 1, 1, 0]
BOX$D2$5851[-1, 0, 1, 1, 0, 1, 1, 1, 1]
BOX$D2$5851[0, -1, 0, 1, 0, 1, 1, 1, 1]
BOX$D2$5851[0, -1, 1, 0, 0, 1, 0, 1, 1]
BOX$D2$5851[0, -1, 1, 0, 0, 1, 1, 1, 0]
BOX$D2$5851[0, -1, 1, 0, 0, 1, 1, 1, 1]
BOX$D2$5851[0, -1, 1, 1, -1, 0, 1, 1, 1]
BOX$D2$5851[0, -1, 1, 1, -1, 1, 1, 0, 1]
BOX$D2$5851[0, -1, 1, 1, 0, 0, 0, 1, 1]
BOX$D2$5851[0, -1, 1, 1, 0, 0, 1, 1, 0]
BOX$D2$5851[0, -1, 1, 1, 0, 0, 1, 1, 1]
BOX$D2$5851[0, -1, 1, 1, 0, 1, 0, 0, 1]
BOX$D2$5851[0, -1, 1, 1, 0, 1, 0, 1, 1]
BOX$D2$5851[0, -1, 1, 1, 0, 1, 1, 0, 1]
BOX$D2$5851[0, 0, 0, 0, 0, 1, 1, 1, 1]
BOX$D2$5851[0, 0, 0, 1, -1, 1, 1, 1, 1]
BOX$D2$5851[0, 0, 0, 1, 0, 0, 1, 1, 1]
BOX$D2$5851[0, 0, 0, 1, 0, 1, 0, 1, 1]
BOX$D2$5851[0, 0, 0, 1, 0, 1, 1, 0, 1]
BOX$D2$5851[0, 0, 0, 1, 0, 1, 1, 1, 0]
BOX$D2$5851[0, 0, 0, 1, 0, 1, 1, 1, 1]
BOX$D2$5851[0, 0, 1, 0, -1, 1, 1, 1, 1]
BOX$D2$5851[0, 0, 1, 0, 0, 0, 1, 1, 1]
BOX$D2$5851[0, 0, 1, 0, 0, 1, -1, 1, 1]
BOX$D2$5851[0, 0, 1, 0, 0, 1, 0, 1, 0]
BOX$D2$5851[0, 0, 1, 0, 0, 1, 0, 1, 1]
BOX$D2$5851[0, 0, 1, 0, 0, 1, 1, 1, 0]
BOX$D2$5851[0, 0, 1, 0, 0, 1, 1, 1, 1]
BOX$D2$5851[0, 0, 1, 1, -2, 1, 1, 1, 1]
BOX$D2$5851[0, 0, 1, 1, -1, 0, 0, 1, 1]
BOX$D2$5851[0, 0, 1, 1, -1, 0, 1, 1, 0]
BOX$D2$5851[0, 0, 1, 1, -1, 0, 1, 1, 1]
BOX$D2$5851[0, 0, 1, 1, -1, 1, 0, 0, 1]
BOX$D2$5851[0, 0, 1, 1, -1, 1, 0, 1, 1]
BOX$D2$5851[0, 0, 1, 1, -1, 1, 1, 0, 1]
BOX$D2$5851[0, 0, 1, 1, -1, 1, 1, 1, 0]
BOX$D2$5851[0, 0, 1, 1, -1, 1, 1, 1, 1]
BOX$D2$5851[0, 0, 1, 1, 0, -1, 1, 1, 1]
BOX$D2$5851[0, 0, 1, 1, 0, 0, 0, 1, 0]
BOX$D2$5851[0, 0, 1, 1, 0, 0, 0, 1, 1]
BOX$D2$5851[0, 0, 1, 1, 0, 0, 1, 0, 1]
BOX$D2$5851[0, 0, 1, 1, 0, 0, 1, 1, 0]
BOX$D2$5851[0, 0, 1, 1, 0, 0, 1, 1, 1]
BOX$D2$5851[0, 0, 1, 1, 0, 1, -1, 0, 1]
BOX$D2$5851[0, 0, 1, 1, 0, 1, -1, 1, 1]
BOX$D2$5851[0, 0, 1, 1, 0, 1, 0, 0, 1]
BOX$D2$5851[0, 0, 1, 1, 0, 1, 0, 1, 0]
BOX$D2$5851[0, 0, 1, 1, 0, 1, 0, 1, 1]
BOX$D2$5851[0, 0, 1, 1, 0, 1, 1, 0, 0]
BOX$D2$5851[0, 0, 1, 1, 0, 1, 1, 0, 1]
BOX$D2$5851[0, 0, 1, 1, 0, 1, 1, 1, 0]
BOX$D2$5851[0, 0, 1, 1, 0, 1, 1, 1, 1]
BOX$D2$5851[1, -2, 1, 0, 0, 0, 1, 1, 1]
BOX$D2$5851[1, -2, 1, 0, 0, 1, 1, 0, 1]
BOX$D2$5851[1, -2, 1, 1, 0, -1, 1, 1, 1]
BOX$D2$5851[1, -2, 1, 1, 0, 0, 1, 0, 1]
BOX$D2$5851[1, -2, 1, 1, 0, 0, 1, 1, 1]
BOX$D2$5851[1, -1, 0, 0, 0, 1, 1, 1, 1]
BOX$D2$5851[1, -1, 0, 1, 0, 0, 1, 1, 1]
BOX$D2$5851[1, -1, 0, 1, 0, 1, 1, 0, 1]
BOX$D2$5851[1, -1, 0, 1, 0, 1, 1, 1, 1]
BOX$D2$5851[1, -1, 1, -1, 0, 1, 1, 1, 1]
BOX$D2$5851[1, -1, 1, 0, -1, 1, 1, 1, 1]
BOX$D2$5851[1, -1, 1, 0, 0, 0, 0, 1, 1]
BOX$D2$5851[1, -1, 1, 0, 0, 0, 1, 1, 0]
BOX$D2$5851[1, -1, 1, 0, 0, 0, 1, 1, 1]
BOX$D2$5851[1, -1, 1, 0, 0, 1, 0, 0, 1]
BOX$D2$5851[1, -1, 1, 0, 0, 1, 0, 1, 1]
BOX$D2$5851[1, -1, 1, 0, 0, 1, 1, 0, 1]
BOX$D2$5851[1, -1, 1, 0, 0, 1, 1, 1, 0]
BOX$D2$5851[1, -1, 1, 0, 0, 1, 1, 1, 1]
BOX$D2$5851[1, -1, 1, 1, -1, -1, 1, 1, 1]
BOX$D2$5851[1, -1, 1, 1, -1, 0, 1, 0, 1]
BOX$D2$5851[1, -1, 1, 1, -1, 0, 1, 1, 1]
BOX$D2$5851[1, -1, 1, 1, -1, 1, 1, 0, 1]
BOX$D2$5851[1, -1, 1, 1, 0, -1, 1, 1, 0]
BOX$D2$5851[1, -1, 1, 1, 0, -1, 1, 1, 1]
BOX$D2$5851[1, -1, 1, 1, 0, 0, 0, 0, 1]
BOX$D2$5851[1, -1, 1, 1, 0, 0, 0, 1, 1]
BOX$D2$5851[1, -1, 1, 1, 0, 0, 1, 0, 1]
BOX$D2$5851[1, -1, 1, 1, 0, 0, 1, 1, 0]
BOX$D2$5851[1, -1, 1, 1, 0, 0, 1, 1, 1]
BOX$D2$5851[1, -1, 1, 1, 0, 1, 0, 0, 1]
BOX$D2$5851[1, -1, 1, 1, 0, 1, 0, 1, 1]
BOX$D2$5851[1, -1, 1, 1, 0, 1, 1, -1, 1]
BOX$D2$5851[1, -1, 1, 1, 0, 1, 1, 0, 1]
BOX$D2$5851[1, 0, -1, 1, 0, 1, 1, 1, 1]
BOX$D2$5851[1, 0, 0, -1, 0, 1, 1, 1, 1]
BOX$D2$5851[1, 0, 0, 0, -1, 1, 1, 1, 1]
BOX$D2$5851[1, 0, 0, 0, 0, 0, 1, 1, 1]
BOX$D2$5851[1, 0, 0, 0, 0, 1, 0, 1, 1]
BOX$D2$5851[1, 0, 0, 0, 0, 1, 1, 0, 1]
BOX$D2$5851[1, 0, 0, 0, 0, 1, 1, 1, 0]
BOX$D2$5851[1, 0, 0, 0, 0, 1, 1, 1, 1]
BOX$D2$5851[1, 0, 0, 1, -1, 0, 1, 1, 1]
BOX$D2$5851[1, 0, 0, 1, -1, 1, 1, 0, 1]
BOX$D2$5851[1, 0, 0, 1, -1, 1, 1, 1, 1]
BOX$D2$5851[1, 0, 0, 1, 0, -1, 1, 1, 1]
BOX$D2$5851[1, 0, 0, 1, 0, 0, 0, 1, 1]
BOX$D2$5851[1, 0, 0, 1, 0, 0, 1, 0, 1]
BOX$D2$5851[1, 0, 0, 1, 0, 0, 1, 1, 0]
BOX$D2$5851[1, 0, 0, 1, 0, 0, 1, 1, 1]
BOX$D2$5851[1, 0, 0, 1, 0, 1, 0, 0, 1]
BOX$D2$5851[1, 0, 0, 1, 0, 1, 0, 1, 1]
BOX$D2$5851[1, 0, 0, 1, 0, 1, 1, -1, 1]
BOX$D2$5851[1, 0, 0, 1, 0, 1, 1, 0, 0]
BOX$D2$5851[1, 0, 0, 1, 0, 1, 1, 0, 1]
BOX$D2$5851[1, 0, 0, 1, 0, 1, 1, 1, 0]
BOX$D2$5851[1, 0, 0, 1, 0, 1, 1, 1, 1]
BOX$D2$5851[1, 0, 1, -1, 0, 0, 1, 1, 1]
BOX$D2$5851[1, 0, 1, -1, 0, 1, 0, 1, 1]
BOX$D2$5851[1, 0, 1, -1, 0, 1, 1, 1, 0]
BOX$D2$5851[1, 0, 1, -1, 0, 1, 1, 1, 1]
BOX$D2$5851[1, 0, 1, 0, -1, 0, 1, 1, 1]
BOX$D2$5851[1, 0, 1, 0, -1, 1, 0, 1, 1]
BOX$D2$5851[1, 0, 1, 0, -1, 1, 1, 0, 1]
BOX$D2$5851[1, 0, 1, 0, -1, 1, 1, 1, 0]
BOX$D2$5851[1, 0, 1, 0, -1, 1, 1, 1, 1]
BOX$D2$5851[1, 0, 1, 0, 0, -1, 1, 1, 1]
BOX$D2$5851[1, 0, 1, 0, 0, 0, 0, 1, 0]
BOX$D2$5851[1, 0, 1, 0, 0, 0, 0, 1, 1]
BOX$D2$5851[1, 0, 1, 0, 0, 0, 1, 0, 1]
BOX$D2$5851[1, 0, 1, 0, 0, 0, 1, 1, 0]
BOX$D2$5851[1, 0, 1, 0, 0, 0, 1, 1, 1]
BOX$D2$5851[1, 0, 1, 0, 0, 1, -1, 0, 1]
BOX$D2$5851[1, 0, 1, 0, 0, 1, -1, 1, 1]
BOX$D2$5851[1, 0, 1, 0, 0, 1, 0, 0, 1]
BOX$D2$5851[1, 0, 1, 0, 0, 1, 0, 1, 0]
BOX$D2$5851[1, 0, 1, 0, 0, 1, 0, 1, 1]
BOX$D2$5851[1, 0, 1, 0, 0, 1, 1, 0, 0]
BOX$D2$5851[1, 0, 1, 0, 0, 1, 1, 0, 1]
BOX$D2$5851[1, 0, 1, 0, 0, 1, 1, 1, -1]
BOX$D2$5851[1, 0, 1, 0, 0, 1, 1, 1, 0]
BOX$D2$5851[1, 0, 1, 0, 0, 1, 1, 1, 1]
BOX$D2$5851[1, 0, 1, 1, -2, 0, 1, 1, 1]
BOX$D2$5851[1, 0, 1, 1, -2, 1, 1, 0, 1]
BOX$D2$5851[1, 0, 1, 1, -2, 1, 1, 1, 1]
BOX$D2$5851[1, 0, 1, 1, -1, -1, 1, 1, 0]
BOX$D2$5851[1, 0, 1, 1, -1, -1, 1, 1, 1]
BOX$D2$5851[1, 0, 1, 1, -1, 0, 0, 0, 1]
BOX$D2$5851[1, 0, 1, 1, -1, 0, 0, 1, 1]
BOX$D2$5851[1, 0, 1, 1, -1, 0, 1, 0, 1]
BOX$D2$5851[1, 0, 1, 1, -1, 0, 1, 1, 0]
BOX$D2$5851[1, 0, 1, 1, -1, 0, 1, 1, 1]
BOX$D2$5851[1, 0, 1, 1, -1, 1, 0, 0, 1]
BOX$D2$5851[1, 0, 1, 1, -1, 1, 0, 1, 1]
BOX$D2$5851[1, 0, 1, 1, -1, 1, 1, -1, 1]
BOX$D2$5851[1, 0, 1, 1, -1, 1, 1, 0, 0]
BOX$D2$5851[1, 0, 1, 1, -1, 1, 1, 0, 1]
BOX$D2$5851[1, 0, 1, 1, -1, 1, 1, 1, 0]
BOX$D2$5851[1, 0, 1, 1, -1, 1, 1, 1, 1]
BOX$D2$5851[1, 0, 1, 1, 0, -2, 1, 1, 1]
BOX$D2$5851[1, 0, 1, 1, 0, -1, 0, 1, 1]
BOX$D2$5851[1, 0, 1, 1, 0, -1, 1, 0, 1]
BOX$D2$5851[1, 0, 1, 1, 0, -1, 1, 1, 0]
BOX$D2$5851[1, 0, 1, 1, 0, -1, 1, 1, 1]
BOX$D2$5851[1, 0, 1, 1, 0, 0, 0, 0, 1]
BOX$D2$5851[1, 0, 1, 1, 0, 0, 0, 1, 0]
BOX$D2$5851[1, 0, 1, 1, 0, 0, 0, 1, 1]
BOX$D2$5851[1, 0, 1, 1, 0, 0, 1, -1, 1]
BOX$D2$5851[1, 0, 1, 1, 0, 0, 1, 0, 0]
BOX$D2$5851[1, 0, 1, 1, 0, 0, 1, 0, 1]
BOX$D2$5851[1, 0, 1, 1, 0, 0, 1, 1, -1]
BOX$D2$5851[1, 0, 1, 1, 0, 0, 1, 1, 0]
BOX$D2$5851[1, 0, 1, 1, 0, 0, 1, 1, 1]
BOX$D2$5851[1, 0, 1, 1, 0, 1, -1, 0, 1]
BOX$D2$5851[1, 0, 1, 1, 0, 1, -1, 1, 1]
BOX$D2$5851[1, 0, 1, 1, 0, 1, 0, -1, 1]
BOX$D2$5851[1, 0, 1, 1, 0, 1, 0, 0, 0]
BOX$D2$5851[1, 0, 1, 1, 0, 1, 0, 0, 1]
BOX$D2$5851[1, 0, 1, 1, 0, 1, 0, 1, 0]
BOX$D2$5851[1, 0, 1, 1, 0, 1, 0, 1, 1]
BOX$D2$5851[1, 0, 1, 1, 0, 1, 1, -1, 1]
BOX$D2$5851[1, 0, 1, 1, 0, 1, 1, 0, 0]
BOX$D2$5851[1, 0, 1, 1, 0, 1, 1, 0, 1]
BOX$D2$5851[1, 0, 1, 1, 0, 1, 1, 1, 0]
BOX$D2$5851[1, 0, 1, 1, 0, 1, 1, 1, 1]
BOX$D2$5851[-1, 0, 1, 1, 0, 1, 1, 2, 1]
BOX$D2$5851[-1, 0, 1, 1, 0, 2, 1, 1, 1]
BOX$D2$5851[-1, 0, 1, 2, 0, 1, 1, 1, 1]
BOX$D2$5851[-1, 0, 2, 1, 0, 1, 1, 1, 1]
BOX$D2$5851[0, -1, 2, 1, 0, 1, 1, 1, 1]
BOX$D2$5851[0, 0, 1, 0, 0, 1, 1, 2, 1]
BOX$D2$5851[0, 0, 1, 0, 0, 2, 1, 1, 1]
BOX$D2$5851[0, 0, 1, 1, 0, 0, 1, 2, 1]
BOX$D2$5851[0, 0, 1, 1, 0, 1, 1, 2, 1]
BOX$D2$5851[0, 0, 1, 1, 0, 2, 1, 0, 1]
BOX$D2$5851[0, 0, 1, 1, 0, 2, 1, 1, 1]
BOX$D2$5851[0, 0, 1, 2, 0, 0, 1, 1, 1]
BOX$D2$5851[0, 0, 1, 2, 0, 1, 1, 0, 1]
BOX$D2$5851[0, 0, 1, 2, 0, 1, 1, 1, 1]
BOX$D2$5851[0, 0, 2, 0, 0, 1, 1, 1, 1]
BOX$D2$5851[0, 0, 2, 1, -1, 1, 1, 1, 1]
BOX$D2$5851[0, 0, 2, 1, 0, 0, 1, 1, 1]
BOX$D2$5851[0, 0, 2, 1, 0, 1, 0, 1, 1]
BOX$D2$5851[0, 0, 2, 1, 0, 1, 1, 0, 1]
BOX$D2$5851[0, 0, 2, 1, 0, 1, 1, 1, 0]
BOX$D2$5851[0, 0, 2, 1, 0, 1, 1, 1, 1]
BOX$D2$5851[1, -2, 1, 1, 0, 1, 1, 1, 2]
BOX$D2$5851[1, -2, 1, 1, 0, 1, 2, 1, 1]
BOX$D2$5851[1, -2, 2, 1, 0, 1, 1, 1, 1]
BOX$D2$5851[1, -1, 1, 1, -1, 1, 1, 1, 2]
BOX$D2$5851[1, -1, 1, 1, -1, 1, 2, 1, 1]
BOX$D2$5851[1, -1, 1, 1, 0, 1, 0, 1, 2]
BOX$D2$5851[1, -1, 1, 1, 0, 1, 1, 1, 1]
BOX$D2$5851[1, -1, 1, 1, 0, 1, 1, 1, 2]
BOX$D2$5851[1, -1, 1, 1, 0, 1, 2, 1, 0]
BOX$D2$5851[1, -1, 1, 1, 0, 1, 2, 1, 1]
BOX$D2$5851[1, -1, 2, 0, 0, 1, 1, 1, 1]
BOX$D2$5851[1, -1, 2, 1, -1, 1, 1, 1, 1]
BOX$D2$5851[1, -1, 2, 1, 0, 0, 1, 1, 1]
BOX$D2$5851[1, -1, 2, 1, 0, 1, 0, 1, 1]
BOX$D2$5851[1, -1, 2, 1, 0, 1, 1, 0, 1]
BOX$D2$5851[1, -1, 2, 1, 0, 1, 1, 1, 0]
BOX$D2$5851[1, -1, 2, 1, 0, 1, 1, 1, 1]
BOX$D2$5851[1, 0, 0, 1, 0, 1, 1, 1, 2]
BOX$D2$5851[1, 0, 0, 1, 0, 1, 2, 1, 1]
BOX$D2$5851[1, 0, 1, -1, 0, 1, 1, 2, 1]
BOX$D2$5851[1, 0, 1, -1, 0, 2, 1, 1, 1]
BOX$D2$5851[1, 0, 1, 0, 0, 0, 1, 2, 1]
BOX$D2$5851[1, 0, 1, 0, 0, 1, 1, 2, 1]
BOX$D2$5851[1, 0, 1, 0, 0, 2, 1, 0, 1]
BOX$D2$5851[1, 0, 1, 0, 0, 2, 1, 1, 1]
BOX$D2$5851[1, 0, 1, 1, -2, 1, 1, 1, 2]
BOX$D2$5851[1, 0, 1, 1, -2, 1, 2, 1, 1]
BOX$D2$5851[1, 0, 1, 1, -1, 1, 0, 1, 2]
BOX$D2$5851[1, 0, 1, 1, -1, 1, 1, 1, 2]
BOX$D2$5851[1, 0, 1, 1, -1, 1, 2, 1, 0]
BOX$D2$5851[1, 0, 1, 1, -1, 1, 2, 1, 1]
BOX$D2$5851[1, 0, 1, 1, 0, -1, 1, 2, 1]
BOX$D2$5851[1, 0, 1, 1, 0, 0, 1, 1, 2]
BOX$D2$5851[1, 0, 1, 1, 0, 0, 1, 2, 1]
BOX$D2$5851[1, 0, 1, 1, 0, 0, 2, 1, 1]
BOX$D2$5851[1, 0, 1, 1, 0, 1, -1, 1, 2]
BOX$D2$5851[1, 0, 1, 1, 0, 1, 0, 1, 2]
BOX$D2$5851[1, 0, 1, 1, 0, 1, 1, 1, 2]
BOX$D2$5851[1, 0, 1, 1, 0, 1, 1, 2, 1]
BOX$D2$5851[1, 0, 1, 1, 0, 1, 2, 1, -1]
BOX$D2$5851[1, 0, 1, 1, 0, 1, 2, 1, 0]
BOX$D2$5851[1, 0, 1, 1, 0, 1, 2, 1, 1]
BOX$D2$5851[1, 0, 1, 1, 0, 2, 1, -1, 1]
BOX$D2$5851[1, 0, 1, 1, 0, 2, 1, 0, 1]
BOX$D2$5851[1, 0, 1, 1, 0, 2, 1, 1, 1]
BOX$D2$5851[1, 0, 1, 2, 0, -1, 1, 1, 1]
BOX$D2$5851[1, 0, 1, 2, 0, 0, 1, 0, 1]
BOX$D2$5851[1, 0, 1, 2, 0, 0, 1, 1, 1]
BOX$D2$5851[1, 0, 1, 2, 0, 1, 1, -1, 1]
BOX$D2$5851[1, 0, 1, 2, 0, 1, 1, 0, 1]
BOX$D2$5851[1, 0, 1, 2, 0, 1, 1, 1, 1]
BOX$D2$5851[1, 0, 2, -1, 0, 1, 1, 1, 1]
BOX$D2$5851[1, 0, 2, 0, -1, 1, 1, 1, 1]
BOX$D2$5851[1, 0, 2, 0, 0, 0, 1, 1, 1]
BOX$D2$5851[1, 0, 2, 0, 0, 1, 0, 1, 1]
BOX$D2$5851[1, 0, 2, 0, 0, 1, 1, 0, 1]
BOX$D2$5851[1, 0, 2, 0, 0, 1, 1, 1, 0]
BOX$D2$5851[1, 0, 2, 0, 0, 1, 1, 1, 1]
BOX$D2$5851[1, 0, 2, 1, -2, 1, 1, 1, 1]
BOX$D2$5851[1, 0, 2, 1, -1, 0, 1, 1, 1]
BOX$D2$5851[1, 0, 2, 1, -1, 1, 0, 1, 1]
BOX$D2$5851[1, 0, 2, 1, -1, 1, 1, 0, 1]
BOX$D2$5851[1, 0, 2, 1, -1, 1, 1, 1, 0]
BOX$D2$5851[1, 0, 2, 1, -1, 1, 1, 1, 1]
BOX$D2$5851[1, 0, 2, 1, 0, -1, 1, 1, 1]
BOX$D2$5851[1, 0, 2, 1, 0, 0, 0, 1, 1]
BOX$D2$5851[1, 0, 2, 1, 0, 0, 1, 0, 1]
BOX$D2$5851[1, 0, 2, 1, 0, 0, 1, 1, 0]
BOX$D2$5851[1, 0, 2, 1, 0, 0, 1, 1, 1]
BOX$D2$5851[1, 0, 2, 1, 0, 1, -1, 1, 1]
BOX$D2$5851[1, 0, 2, 1, 0, 1, 0, 0, 1]
BOX$D2$5851[1, 0, 2, 1, 0, 1, 0, 1, 0]
BOX$D2$5851[1, 0, 2, 1, 0, 1, 0, 1, 1]
BOX$D2$5851[1, 0, 2, 1, 0, 1, 1, -1, 1]
BOX$D2$5851[1, 0, 2, 1, 0, 1, 1, 0, 0]
BOX$D2$5851[1, 0, 2, 1, 0, 1, 1, 0, 1]
BOX$D2$5851[1, 0, 2, 1, 0, 1, 1, 1, -1]
BOX$D2$5851[1, 0, 2, 1, 0, 1, 1, 1, 0]
BOX$D2$5851[1, 0, 2, 1, 0, 1, 1, 1, 1]
BOX$D2$5851[2, 0, 1, -1, 0, 1, 1, 1, 1]
BOX$D2$5851[2, 0, 1, 0, 0, 0, 1, 1, 1]
BOX$D2$5851[2, 0, 1, 0, 0, 1, 1, 0, 1]
BOX$D2$5851[2, 0, 1, 0, 0, 1, 1, 1, 1]
BOX$D2$5851[2, 0, 1, 1, 0, -1, 1, 1, 1]
BOX$D2$5851[2, 0, 1, 1, 0, 0, 1, 0, 1]
BOX$D2$5851[2, 0, 1, 1, 0, 0, 1, 1, 1]
BOX$D2$5851[2, 0, 1, 1, 0, 1, 1, -1, 1]
BOX$D2$5851[2, 0, 1, 1, 0, 1, 1, 0, 1]
BOX$D2$5851[2, 0, 1, 1, 0, 1, 1, 1, 1]
BOX$D2$5851[1, 0, 1, 1, 0, 1, 1, 2, 2]
BOX$D2$5851[1, 0, 1, 1, 0, 1, 2, 2, 1]
BOX$D2$5851[1, 0, 1, 1, 0, 2, 1, 1, 2]
BOX$D2$5851[1, 0, 1, 1, 0, 2, 2, 1, 1]
BOX$D2$5851[1, 0, 1, 2, 0, 1, 1, 1, 2]
BOX$D2$5851[1, 0, 1, 2, 0, 1, 2, 1, 1]
BOX$D2$5851[1, 0, 2, 1, 0, 1, 1, 1, 2]
BOX$D2$5851[1, 0, 2, 1, 0, 1, 1, 2, 1]
BOX$D2$5851[1, 0, 2, 1, 0, 1, 2, 1, 1]
BOX$D2$5851[1, 0, 2, 1, 0, 2, 1, 1, 1]
BOX$D2$5851[1, 0, 2, 2, 0, 1, 1, 1, 1]
BOX$D2$5851[2, 0, 1, 1, 0, 1, 1, 1, 2]
BOX$D2$5851[2, 0, 1, 1, 0, 1, 2, 1, 1]
BOX$D2$5851[2, 0, 2, 1, 0, 1, 1, 1, 1]