BOX$A3$35881[0, 0, 0, 0, 0, 1, 0, 2, 1]
BOX$A3$35881[0, 0, 1, 0, 0, 1, 0, 2, 0]
BOX$A3$35881[0, 0, 1, 0, 0, 1, 0, 2, 1]
BOX$A3$35881[1, -1, 1, 0, 0, 1, 0, 1, 1]
BOX$A3$35881[1, 0, 0, -1, 0, 1, 0, 2, 1]
BOX$A3$35881[1, 0, 0, 0, 0, 0, 0, 2, 1]
BOX$A3$35881[1, 0, 0, 0, 0, 1, 0, 1, 1]
BOX$A3$35881[1, 0, 0, 0, 0, 1, 0, 2, 1]
BOX$A3$35881[1, 0, 1, -1, 0, 1, 0, 1, 1]
BOX$A3$35881[1, 0, 1, -1, 0, 1, 0, 2, 0]
BOX$A3$35881[1, 0, 1, -1, 0, 1, 0, 2, 1]
BOX$A3$35881[1, 0, 1, 0, -1, 1, 0, 1, 1]
BOX$A3$35881[1, 0, 1, 0, 0, 0, 0, 1, 1]
BOX$A3$35881[1, 0, 1, 0, 0, 0, 0, 2, 0]
BOX$A3$35881[1, 0, 1, 0, 0, 0, 0, 2, 1]
BOX$A3$35881[1, 0, 1, 0, 0, 1, -1, 1, 1]
BOX$A3$35881[1, 0, 1, 0, 0, 1, 0, 1, 1]
BOX$A3$35881[1, 0, 1, 0, 0, 1, 0, 2, 0]
BOX$A3$35881[1, 0, 1, 0, 0, 1, 0, 2, 1]
BOX$A3$35881[-1, 1, 1, 0, 0, 1, 0, 1, 1]
BOX$A3$35881[0, 0, 1, 0, 0, 1, 0, 1, 1]
BOX$A3$35881[0, 1, 0, 0, 0, 1, 0, 1, 1]
BOX$A3$35881[0, 1, 1, -1, 0, 1, 0, 1, 1]
BOX$A3$35881[0, 1, 1, 0, -1, 1, 0, 1, 1]
BOX$A3$35881[0, 1, 1, 0, 0, 0, 0, 1, 1]
BOX$A3$35881[0, 1, 1, 0, 0, 1, -1, 1, 1]
BOX$A3$35881[0, 1, 1, 0, 0, 1, 0, 0, 1]
BOX$A3$35881[0, 1, 1, 0, 0, 1, 0, 1, 0]
BOX$A3$35881[0, 1, 1, 0, 0, 1, 0, 1, 1]
BOX$A3$35881[1, 0, 1, 0, 0, 1, 0, 0, 1]
BOX$A3$35881[1, 1, 0, -1, 0, 1, 0, 1, 1]
BOX$A3$35881[1, 1, 0, 0, 0, 0, 0, 1, 1]
BOX$A3$35881[1, 1, 0, 0, 0, 1, 0, 0, 1]
BOX$A3$35881[1, 1, 0, 0, 0, 1, 0, 1, 1]
BOX$A3$35881[1, 1, 1, -2, 0, 1, 0, 1, 1]
BOX$A3$35881[1, 1, 1, -1, -1, 1, 0, 1, 1]
BOX$A3$35881[1, 1, 1, -1, 0, 0, 0, 1, 1]
BOX$A3$35881[1, 1, 1, -1, 0, 1, -1, 1, 1]
BOX$A3$35881[1, 1, 1, -1, 0, 1, 0, 0, 1]
BOX$A3$35881[1, 1, 1, -1, 0, 1, 0, 1, 0]
BOX$A3$35881[1, 1, 1, -1, 0, 1, 0, 1, 1]
BOX$A3$35881[1, 1, 1, 0, -1, 0, 0, 1, 1]
BOX$A3$35881[1, 1, 1, 0, -1, 1, 0, 0, 1]
BOX$A3$35881[1, 1, 1, 0, -1, 1, 0, 1, 1]
BOX$A3$35881[1, 1, 1, 0, 0, 0, 0, 0, 1]
BOX$A3$35881[1, 1, 1, 0, 0, 0, 0, 1, 0]
BOX$A3$35881[1, 1, 1, 0, 0, 0, 0, 1, 1]
BOX$A3$35881[1, 1, 1, 0, 0, 1, -1, 0, 1]
BOX$A3$35881[1, 1, 1, 0, 0, 1, -1, 1, 1]
BOX$A3$35881[1, 1, 1, 0, 0, 1, 0, 0, 1]
BOX$A3$35881[1, 1, 1, 0, 0, 1, 0, 1, 0]
BOX$A3$35881[1, 1, 1, 0, 0, 1, 0, 1, 1]