BOX$C3$11305[0, 0, 1, 0, -1, 1, 1, 0, 1]
BOX$C3$11305[0, 0, 1, 0, 0, 1, 0, 0, 1]
BOX$C3$11305[0, 0, 1, 0, 0, 1, 1, 0, 1]
BOX$C3$11305[0, 1, 1, 0, -2, 1, 1, 0, 1]
BOX$C3$11305[0, 1, 1, 0, -1, 1, 0, 0, 1]
BOX$C3$11305[0, 1, 1, 0, -1, 1, 1, 0, 1]
BOX$C3$11305[0, 1, 1, 0, 0, 1, -1, 0, 1]
BOX$C3$11305[0, 1, 1, 0, 0, 1, 0, 0, 1]
BOX$C3$11305[0, 1, 1, 0, 0, 1, 1, 0, 0]
BOX$C3$11305[0, 1, 1, 0, 0, 1, 1, 0, 1]
BOX$C3$11305[1, -1, 1, -1, 0, 1, 1, 0, 1]
BOX$C3$11305[1, -1, 1, 0, 0, 0, 1, 0, 1]
BOX$C3$11305[1, -1, 1, 0, 0, 1, 1, 0, 1]
BOX$C3$11305[1, 0, 0, 0, 0, 1, 1, 0, 1]
BOX$C3$11305[1, 0, 1, -1, -1, 1, 1, 0, 1]
BOX$C3$11305[1, 0, 1, -1, 0, 1, 0, 0, 1]
BOX$C3$11305[1, 0, 1, -1, 0, 1, 1, 0, 1]
BOX$C3$11305[1, 0, 1, 0, -1, 0, 1, 0, 1]
BOX$C3$11305[1, 0, 1, 0, -1, 1, 1, 0, 1]
BOX$C3$11305[1, 0, 1, 0, 0, 0, 0, 0, 1]
BOX$C3$11305[1, 0, 1, 0, 0, 0, 1, 0, 1]
BOX$C3$11305[1, 0, 1, 0, 0, 1, 0, 0, 1]
BOX$C3$11305[1, 0, 1, 0, 0, 1, 1, -1, 1]
BOX$C3$11305[1, 0, 1, 0, 0, 1, 1, 0, 0]
BOX$C3$11305[1, 0, 1, 0, 0, 1, 1, 0, 1]
BOX$C3$11305[1, 1, 0, 0, -1, 1, 1, 0, 1]
BOX$C3$11305[1, 1, 0, 0, 0, 1, 0, 0, 1]
BOX$C3$11305[1, 1, 0, 0, 0, 1, 1, 0, 1]
BOX$C3$11305[1, 1, 1, -1, -1, 1, 0, 0, 1]
BOX$C3$11305[1, 1, 1, -1, -1, 1, 1, 0, 1]
BOX$C3$11305[1, 1, 1, -1, 0, 1, -1, 0, 1]
BOX$C3$11305[1, 1, 1, -1, 0, 1, 0, 0, 1]
BOX$C3$11305[1, 1, 1, -1, 0, 1, 1, 0, 0]
BOX$C3$11305[1, 1, 1, -1, 0, 1, 1, 0, 1]
BOX$C3$11305[1, 1, 1, 0, -2, 0, 1, 0, 1]
BOX$C3$11305[1, 1, 1, 0, -2, 1, 1, 0, 1]
BOX$C3$11305[1, 1, 1, 0, -1, 0, 0, 0, 1]
BOX$C3$11305[1, 1, 1, 0, -1, 0, 1, 0, 1]
BOX$C3$11305[1, 1, 1, 0, -1, 1, 0, 0, 1]
BOX$C3$11305[1, 1, 1, 0, -1, 1, 1, -1, 1]
BOX$C3$11305[1, 1, 1, 0, -1, 1, 1, 0, 0]
BOX$C3$11305[1, 1, 1, 0, -1, 1, 1, 0, 1]
BOX$C3$11305[1, 1, 1, 0, 0, 0, 0, 0, 1]
BOX$C3$11305[1, 1, 1, 0, 0, 0, 1, 0, 0]
BOX$C3$11305[1, 1, 1, 0, 0, 0, 1, 0, 1]
BOX$C3$11305[1, 1, 1, 0, 0, 1, -1, 0, 1]
BOX$C3$11305[1, 1, 1, 0, 0, 1, 0, -1, 1]
BOX$C3$11305[1, 1, 1, 0, 0, 1, 0, 0, 0]
BOX$C3$11305[1, 1, 1, 0, 0, 1, 0, 0, 1]
BOX$C3$11305[1, 1, 1, 0, 0, 1, 1, -1, 0]
BOX$C3$11305[1, 1, 1, 0, 0, 1, 1, -1, 1]
BOX$C3$11305[1, 1, 1, 0, 0, 1, 1, 0, -1]
BOX$C3$11305[1, 1, 1, 0, 0, 1, 1, 0, 0]
BOX$C3$11305[1, 1, 1, 0, 0, 1, 1, 0, 1]
BOX$C3$11305[0, 1, 1, 0, -1, 1, 1, 0, 0]
BOX$C3$11305[0, 1, 1, 0, 0, 1, 0, 0, 0]
BOX$C3$11305[1, 0, 1, -1, 0, 1, 1, 0, 0]
BOX$C3$11305[1, 0, 1, 0, -1, 1, 1, -1, 1]
BOX$C3$11305[1, 0, 1, 0, 0, 0, 1, 0, 0]
BOX$C3$11305[1, 0, 1, 0, 0, 1, 0, -1, 1]
BOX$C3$11305[1, 1, 0, 0, 0, 1, 1, 0, 0]
BOX$C3$11305[1, 1, 1, -1, -1, 1, 1, 0, 0]
BOX$C3$11305[1, 1, 1, -1, 0, 1, 0, 0, 0]
BOX$C3$11305[1, 1, 1, 0, -2, 1, 1, -1, 1]
BOX$C3$11305[1, 1, 1, 0, -1, 0, 1, 0, 0]
BOX$C3$11305[1, 1, 1, 0, -1, 1, 0, -1, 1]
BOX$C3$11305[0, 1, 1, 0, 0, 2, 1, 0, 1]
BOX$C3$11305[0, 1, 2, 0, 0, 1, 1, 0, 1]
BOX$C3$11305[1, 0, 2, 0, 0, 1, 1, 0, 1]
BOX$C3$11305[1, 1, 1, -1, 0, 2, 1, 0, 1]
BOX$C3$11305[1, 1, 1, 0, 0, 2, 1, 0, 1]
BOX$C3$11305[1, 1, 2, -1, 0, 1, 1, 0, 1]
BOX$C3$11305[1, 1, 2, 0, -1, 1, 1, 0, 1]
BOX$C3$11305[1, 1, 2, 0, 0, 0, 1, 0, 1]
BOX$C3$11305[1, 1, 2, 0, 0, 1, 0, 0, 1]
BOX$C3$11305[1, 1, 2, 0, 0, 1, 1, 0, 1]
BOX$C3$11305[2, 1, 1, -1, 0, 1, 1, 0, 1]
BOX$C3$11305[2, 1, 1, 0, 0, 0, 1, 0, 1]
BOX$C3$11305[2, 1, 1, 0, 0, 1, 1, 0, 1]