BOX$D1$37[-1, 1, 0, 1, 0, 1, 1, 0, 1]
BOX$D1$37[-1, 1, 1, 1, -1, 1, 0, 0, 1]
BOX$D1$37[-1, 1, 1, 1, -1, 1, 1, 0, 0]
BOX$D1$37[-1, 1, 1, 1, 0, 1, -1, 0, 1]
BOX$D1$37[-1, 1, 1, 1, 0, 1, 0, 0, 0]
BOX$D1$37[-1, 1, 1, 1, 0, 1, 0, 0, 1]
BOX$D1$37[-1, 1, 1, 1, 0, 1, 1, -1, 1]
BOX$D1$37[-1, 1, 1, 1, 0, 1, 1, 0, 0]
BOX$D1$37[-1, 1, 1, 1, 0, 1, 1, 0, 1]
BOX$D1$37[0, 0, 0, 1, 0, 1, 1, 0, 1]
BOX$D1$37[0, 0, 1, 0, 0, 1, 0, 0, 1]
BOX$D1$37[0, 0, 1, 0, 0, 1, 1, 0, 0]
BOX$D1$37[0, 0, 1, 1, -1, 0, 1, 0, 1]
BOX$D1$37[0, 0, 1, 1, -1, 1, 1, -1, 1]
BOX$D1$37[0, 0, 1, 1, -1, 1, 1, 0, 1]
BOX$D1$37[0, 0, 1, 1, 0, 0, 0, 0, 1]
BOX$D1$37[0, 0, 1, 1, 0, 0, 1, 0, 0]
BOX$D1$37[0, 0, 1, 1, 0, 0, 1, 0, 1]
BOX$D1$37[0, 0, 1, 1, 0, 1, 0, -1, 1]
BOX$D1$37[0, 0, 1, 1, 0, 1, 0, 0, 1]
BOX$D1$37[0, 0, 1, 1, 0, 1, 1, -1, 1]
BOX$D1$37[0, 0, 1, 1, 0, 1, 1, 0, 0]
BOX$D1$37[0, 0, 1, 1, 0, 1, 1, 0, 1]
BOX$D1$37[0, 1, 0, 0, 0, 1, 1, 0, 1]
BOX$D1$37[0, 1, 0, 1, -1, 1, 1, 0, 1]
BOX$D1$37[0, 1, 0, 1, 0, 0, 1, 0, 1]
BOX$D1$37[0, 1, 0, 1, 0, 1, 0, 0, 1]
BOX$D1$37[0, 1, 0, 1, 0, 1, 1, -1, 1]
BOX$D1$37[0, 1, 0, 1, 0, 1, 1, 0, 0]
BOX$D1$37[0, 1, 0, 1, 0, 1, 1, 0, 1]
BOX$D1$37[0, 1, 1, 0, 0, 1, -1, 0, 1]
BOX$D1$37[0, 1, 1, 0, 0, 1, 0, 0, 0]
BOX$D1$37[0, 1, 1, 0, 0, 1, 0, 0, 1]
BOX$D1$37[0, 1, 1, 0, 0, 1, 1, -1, 1]
BOX$D1$37[0, 1, 1, 0, 0, 1, 1, 0, 0]
BOX$D1$37[0, 1, 1, 0, 0, 1, 1, 0, 1]
BOX$D1$37[0, 1, 1, 1, -2, 1, 1, 0, 1]
BOX$D1$37[0, 1, 1, 1, -1, 0, 0, 0, 1]
BOX$D1$37[0, 1, 1, 1, -1, 0, 1, 0, 0]
BOX$D1$37[0, 1, 1, 1, -1, 0, 1, 0, 1]
BOX$D1$37[0, 1, 1, 1, -1, 1, 0, -1, 1]
BOX$D1$37[0, 1, 1, 1, -1, 1, 0, 0, 1]
BOX$D1$37[0, 1, 1, 1, -1, 1, 1, -1, 1]
BOX$D1$37[0, 1, 1, 1, -1, 1, 1, 0, 0]
BOX$D1$37[0, 1, 1, 1, -1, 1, 1, 0, 1]
BOX$D1$37[0, 1, 1, 1, 0, 0, 0, 0, 0]
BOX$D1$37[0, 1, 1, 1, 0, 0, 0, 0, 1]
BOX$D1$37[0, 1, 1, 1, 0, 0, 1, -1, 1]
BOX$D1$37[0, 1, 1, 1, 0, 0, 1, 0, 0]
BOX$D1$37[0, 1, 1, 1, 0, 0, 1, 0, 1]
BOX$D1$37[0, 1, 1, 1, 0, 1, -1, -1, 1]
BOX$D1$37[0, 1, 1, 1, 0, 1, -1, 0, 1]
BOX$D1$37[0, 1, 1, 1, 0, 1, 0, -1, 1]
BOX$D1$37[0, 1, 1, 1, 0, 1, 0, 0, 0]
BOX$D1$37[0, 1, 1, 1, 0, 1, 0, 0, 1]
BOX$D1$37[0, 1, 1, 1, 0, 1, 1, -2, 1]
BOX$D1$37[0, 1, 1, 1, 0, 1, 1, -1, 0]
BOX$D1$37[0, 1, 1, 1, 0, 1, 1, -1, 1]
BOX$D1$37[0, 1, 1, 1, 0, 1, 1, 0, -1]
BOX$D1$37[0, 1, 1, 1, 0, 1, 1, 0, 0]
BOX$D1$37[0, 1, 1, 1, 0, 1, 1, 0, 1]
BOX$D1$37[1, -1, 1, 0, 0, 0, 1, 0, 1]
BOX$D1$37[1, -1, 1, 0, 0, 1, 1, -1, 1]
BOX$D1$37[1, -1, 1, 0, 0, 1, 1, 0, 1]
BOX$D1$37[1, -1, 1, 1, 0, -1, 1, 0, 1]
BOX$D1$37[1, -1, 1, 1, 0, 0, 1, -1, 1]
BOX$D1$37[1, -1, 1, 1, 0, 0, 1, 0, 1]
BOX$D1$37[1, -1, 1, 1, 0, 1, 1, -1, 1]
BOX$D1$37[1, -1, 1, 1, 0, 1, 1, 0, 1]
BOX$D1$37[1, 0, 0, 0, 0, 1, 1, 0, 1]
BOX$D1$37[1, 0, 0, 1, 0, 0, 1, 0, 1]
BOX$D1$37[1, 0, 0, 1, 0, 1, 1, -1, 1]
BOX$D1$37[1, 0, 0, 1, 0, 1, 1, 0, 1]
BOX$D1$37[1, 0, 1, 0, -1, 1, 1, 0, 1]
BOX$D1$37[1, 0, 1, 0, 0, 0, 0, 0, 1]
BOX$D1$37[1, 0, 1, 0, 0, 0, 1, 0, 0]
BOX$D1$37[1, 0, 1, 0, 0, 0, 1, 0, 1]
BOX$D1$37[1, 0, 1, 0, 0, 1, 0, -1, 1]
BOX$D1$37[1, 0, 1, 0, 0, 1, 0, 0, 1]
BOX$D1$37[1, 0, 1, 0, 0, 1, 1, -1, 1]
BOX$D1$37[1, 0, 1, 0, 0, 1, 1, 0, 0]
BOX$D1$37[1, 0, 1, 0, 0, 1, 1, 0, 1]
BOX$D1$37[1, 0, 1, 1, -1, -1, 1, 0, 1]
BOX$D1$37[1, 0, 1, 1, -1, 0, 1, -1, 1]
BOX$D1$37[1, 0, 1, 1, -1, 0, 1, 0, 1]
BOX$D1$37[1, 0, 1, 1, -1, 1, 1, -1, 1]
BOX$D1$37[1, 0, 1, 1, -1, 1, 1, 0, 1]
BOX$D1$37[1, 0, 1, 1, 0, -1, 1, 0, 0]
BOX$D1$37[1, 0, 1, 1, 0, -1, 1, 0, 1]
BOX$D1$37[1, 0, 1, 1, 0, 0, 0, -1, 1]
BOX$D1$37[1, 0, 1, 1, 0, 0, 0, 0, 1]
BOX$D1$37[1, 0, 1, 1, 0, 0, 1, -1, 1]
BOX$D1$37[1, 0, 1, 1, 0, 0, 1, 0, 0]
BOX$D1$37[1, 0, 1, 1, 0, 0, 1, 0, 1]
BOX$D1$37[1, 0, 1, 1, 0, 1, 0, -1, 1]
BOX$D1$37[1, 0, 1, 1, 0, 1, 0, 0, 1]
BOX$D1$37[1, 0, 1, 1, 0, 1, 1, -2, 1]
BOX$D1$37[1, 0, 1, 1, 0, 1, 1, -1, 0]
BOX$D1$37[1, 0, 1, 1, 0, 1, 1, -1, 1]
BOX$D1$37[1, 0, 1, 1, 0, 1, 1, 0, 0]
BOX$D1$37[1, 0, 1, 1, 0, 1, 1, 0, 1]
BOX$D1$37[1, 1, -1, 1, 0, 1, 1, 0, 1]
BOX$D1$37[1, 1, 0, -1, 0, 1, 1, 0, 1]
BOX$D1$37[1, 1, 0, 0, -1, 1, 1, 0, 1]
BOX$D1$37[1, 1, 0, 0, 0, 0, 1, 0, 1]
BOX$D1$37[1, 1, 0, 0, 0, 1, 0, 0, 1]
BOX$D1$37[1, 1, 0, 0, 0, 1, 1, -1, 1]
BOX$D1$37[1, 1, 0, 0, 0, 1, 1, 0, 0]
BOX$D1$37[1, 1, 0, 0, 0, 1, 1, 0, 1]
BOX$D1$37[1, 1, 0, 1, -1, 0, 1, 0, 1]
BOX$D1$37[1, 1, 0, 1, -1, 1, 1, -1, 1]
BOX$D1$37[1, 1, 0, 1, -1, 1, 1, 0, 1]
BOX$D1$37[1, 1, 0, 1, 0, -1, 1, 0, 1]
BOX$D1$37[1, 1, 0, 1, 0, 0, 0, 0, 1]
BOX$D1$37[1, 1, 0, 1, 0, 0, 1, -1, 1]
BOX$D1$37[1, 1, 0, 1, 0, 0, 1, 0, 0]
BOX$D1$37[1, 1, 0, 1, 0, 0, 1, 0, 1]
BOX$D1$37[1, 1, 0, 1, 0, 1, 0, -1, 1]
BOX$D1$37[1, 1, 0, 1, 0, 1, 0, 0, 1]
BOX$D1$37[1, 1, 0, 1, 0, 1, 1, -2, 1]
BOX$D1$37[1, 1, 0, 1, 0, 1, 1, -1, 0]
BOX$D1$37[1, 1, 0, 1, 0, 1, 1, -1, 1]
BOX$D1$37[1, 1, 0, 1, 0, 1, 1, 0, 0]
BOX$D1$37[1, 1, 0, 1, 0, 1, 1, 0, 1]
BOX$D1$37[1, 1, 1, -1, 0, 1, 1, -1, 1]
BOX$D1$37[1, 1, 1, -1, 0, 1, 1, 0, 1]
BOX$D1$37[1, 1, 1, 0, -1, 1, 0, 0, 1]
BOX$D1$37[1, 1, 1, 0, -1, 1, 1, -1, 1]
BOX$D1$37[1, 1, 1, 0, -1, 1, 1, 0, 0]
BOX$D1$37[1, 1, 1, 0, -1, 1, 1, 0, 1]
BOX$D1$37[1, 1, 1, 0, 0, 0, 0, 0, 0]
BOX$D1$37[1, 1, 1, 0, 0, 0, 1, -1, 1]
BOX$D1$37[1, 1, 1, 0, 0, 0, 1, 0, 0]
BOX$D1$37[1, 1, 1, 0, 0, 0, 1, 0, 1]
BOX$D1$37[1, 1, 1, 0, 0, 1, -1, -1, 1]
BOX$D1$37[1, 1, 1, 0, 0, 1, -1, 0, 1]
BOX$D1$37[1, 1, 1, 0, 0, 1, 0, -1, 1]
BOX$D1$37[1, 1, 1, 0, 0, 1, 0, 0, 0]
BOX$D1$37[1, 1, 1, 0, 0, 1, 0, 0, 1]
BOX$D1$37[1, 1, 1, 0, 0, 1, 1, -2, 1]
BOX$D1$37[1, 1, 1, 0, 0, 1, 1, -1, 0]
BOX$D1$37[1, 1, 1, 0, 0, 1, 1, -1, 1]
BOX$D1$37[1, 1, 1, 0, 0, 1, 1, 0, -1]
BOX$D1$37[1, 1, 1, 0, 0, 1, 1, 0, 0]
BOX$D1$37[1, 1, 1, 0, 0, 1, 1, 0, 1]
BOX$D1$37[1, 1, 1, 1, -2, 0, 1, 0, 1]
BOX$D1$37[1, 1, 1, 1, -2, 1, 1, -1, 1]
BOX$D1$37[1, 1, 1, 1, -2, 1, 1, 0, 1]
BOX$D1$37[1, 1, 1, 1, -1, -1, 1, 0, 0]
BOX$D1$37[1, 1, 1, 1, -1, 0, 0, -1, 1]
BOX$D1$37[1, 1, 1, 1, -1, 0, 0, 0, 1]
BOX$D1$37[1, 1, 1, 1, -1, 0, 1, -1, 1]
BOX$D1$37[1, 1, 1, 1, -1, 0, 1, 0, 0]
BOX$D1$37[1, 1, 1, 1, -1, 0, 1, 0, 1]
BOX$D1$37[1, 1, 1, 1, -1, 1, 0, -1, 1]
BOX$D1$37[1, 1, 1, 1, -1, 1, 0, 0, 1]
BOX$D1$37[1, 1, 1, 1, -1, 1, 1, -2, 1]
BOX$D1$37[1, 1, 1, 1, -1, 1, 1, -1, 0]
BOX$D1$37[1, 1, 1, 1, -1, 1, 1, -1, 1]
BOX$D1$37[1, 1, 1, 1, -1, 1, 1, 0, 0]
BOX$D1$37[1, 1, 1, 1, -1, 1, 1, 0, 1]
BOX$D1$37[1, 1, 1, 1, 0, -1, 1, -1, 1]
BOX$D1$37[1, 1, 1, 1, 0, -1, 1, 0, 0]
BOX$D1$37[1, 1, 1, 1, 0, -1, 1, 0, 1]
BOX$D1$37[1, 1, 1, 1, 0, 0, 0, -1, 1]
BOX$D1$37[1, 1, 1, 1, 0, 0, 0, 0, 0]
BOX$D1$37[1, 1, 1, 1, 0, 0, 0, 0, 1]
BOX$D1$37[1, 1, 1, 1, 0, 0, 1, -2, 1]
BOX$D1$37[1, 1, 1, 1, 0, 0, 1, -1, 0]
BOX$D1$37[1, 1, 1, 1, 0, 0, 1, -1, 1]
BOX$D1$37[1, 1, 1, 1, 0, 0, 1, 0, -1]
BOX$D1$37[1, 1, 1, 1, 0, 0, 1, 0, 0]
BOX$D1$37[1, 1, 1, 1, 0, 0, 1, 0, 1]
BOX$D1$37[1, 1, 1, 1, 0, 1, -1, -1, 1]
BOX$D1$37[1, 1, 1, 1, 0, 1, -1, 0, 1]
BOX$D1$37[1, 1, 1, 1, 0, 1, 0, -2, 1]
BOX$D1$37[1, 1, 1, 1, 0, 1, 0, -1, 0]
BOX$D1$37[1, 1, 1, 1, 0, 1, 0, -1, 1]
BOX$D1$37[1, 1, 1, 1, 0, 1, 0, 0, 0]
BOX$D1$37[1, 1, 1, 1, 0, 1, 0, 0, 1]
BOX$D1$37[1, 1, 1, 1, 0, 1, 1, -3, 1]
BOX$D1$37[1, 1, 1, 1, 0, 1, 1, -2, 0]
BOX$D1$37[1, 1, 1, 1, 0, 1, 1, -2, 1]
BOX$D1$37[1, 1, 1, 1, 0, 1, 1, -1, 0]
BOX$D1$37[1, 1, 1, 1, 0, 1, 1, -1, 1]
BOX$D1$37[1, 1, 1, 1, 0, 1, 1, 0, -1]
BOX$D1$37[1, 1, 1, 1, 0, 1, 1, 0, 0]
BOX$D1$37[1, 1, 1, 1, 0, 1, 1, 0, 1]