BOX$D2$1227[-1, 1, 1, 0, 0, 1, 0, 1, 0]
BOX$D2$1227[-1, 1, 1, 0, 0, 1, 1, 1, -1]
BOX$D2$1227[-1, 1, 1, 0, 0, 1, 1, 1, 0]
BOX$D2$1227[-1, 1, 1, 0, 1, 1, -1, 1, 0]
BOX$D2$1227[-1, 1, 1, 0, 1, 1, 0, 1, -1]
BOX$D2$1227[-1, 1, 1, 0, 1, 1, 0, 1, 0]
BOX$D2$1227[-1, 1, 1, 0, 1, 1, 1, 1, -1]
BOX$D2$1227[-1, 1, 1, 0, 1, 1, 1, 1, 0]
BOX$D2$1227[0, 0, 0, 0, 1, 1, 1, 1, 0]
BOX$D2$1227[0, 0, 1, -1, 1, 1, 0, 1, 0]
BOX$D2$1227[0, 0, 1, -1, 1, 1, 1, 1, -1]
BOX$D2$1227[0, 0, 1, -1, 1, 1, 1, 1, 0]
BOX$D2$1227[0, 0, 1, 0, 0, 0, 1, 1, 0]
BOX$D2$1227[0, 0, 1, 0, 0, 1, 1, 0, 0]
BOX$D2$1227[0, 0, 1, 0, 0, 1, 1, 1, 0]
BOX$D2$1227[0, 0, 1, 0, 1, 0, 0, 1, 0]
BOX$D2$1227[0, 0, 1, 0, 1, 0, 1, 1, -1]
BOX$D2$1227[0, 0, 1, 0, 1, 0, 1, 1, 0]
BOX$D2$1227[0, 0, 1, 0, 1, 1, 0, 0, 0]
BOX$D2$1227[0, 0, 1, 0, 1, 1, 0, 1, 0]
BOX$D2$1227[0, 0, 1, 0, 1, 1, 1, 0, 0]
BOX$D2$1227[0, 0, 1, 0, 1, 1, 1, 1, -1]
BOX$D2$1227[0, 0, 1, 0, 1, 1, 1, 1, 0]
BOX$D2$1227[0, 1, 0, 0, 0, 1, 1, 1, 0]
BOX$D2$1227[0, 1, 0, 0, 1, 1, 0, 1, 0]
BOX$D2$1227[0, 1, 0, 0, 1, 1, 1, 1, -1]
BOX$D2$1227[0, 1, 0, 0, 1, 1, 1, 1, 0]
BOX$D2$1227[0, 1, 1, -1, 0, 1, 1, 1, 0]
BOX$D2$1227[0, 1, 1, -1, 1, 1, -1, 1, 0]
BOX$D2$1227[0, 1, 1, -1, 1, 1, 0, 1, -1]
BOX$D2$1227[0, 1, 1, -1, 1, 1, 0, 1, 0]
BOX$D2$1227[0, 1, 1, -1, 1, 1, 1, 1, -1]
BOX$D2$1227[0, 1, 1, -1, 1, 1, 1, 1, 0]
BOX$D2$1227[0, 1, 1, 0, 0, 0, 0, 1, 0]
BOX$D2$1227[0, 1, 1, 0, 0, 0, 1, 1, -1]
BOX$D2$1227[0, 1, 1, 0, 0, 0, 1, 1, 0]
BOX$D2$1227[0, 1, 1, 0, 0, 1, 0, 0, 0]
BOX$D2$1227[0, 1, 1, 0, 0, 1, 0, 1, 0]
BOX$D2$1227[0, 1, 1, 0, 0, 1, 1, 0, 0]
BOX$D2$1227[0, 1, 1, 0, 0, 1, 1, 1, -1]
BOX$D2$1227[0, 1, 1, 0, 0, 1, 1, 1, 0]
BOX$D2$1227[0, 1, 1, 0, 1, 0, 0, 1, -1]
BOX$D2$1227[0, 1, 1, 0, 1, 0, 0, 1, 0]
BOX$D2$1227[0, 1, 1, 0, 1, 0, 1, 1, -1]
BOX$D2$1227[0, 1, 1, 0, 1, 0, 1, 1, 0]
BOX$D2$1227[0, 1, 1, 0, 1, 1, -1, 0, 0]
BOX$D2$1227[0, 1, 1, 0, 1, 1, -1, 1, 0]
BOX$D2$1227[0, 1, 1, 0, 1, 1, 0, 0, 0]
BOX$D2$1227[0, 1, 1, 0, 1, 1, 0, 1, -1]
BOX$D2$1227[0, 1, 1, 0, 1, 1, 0, 1, 0]
BOX$D2$1227[0, 1, 1, 0, 1, 1, 1, 0, -1]
BOX$D2$1227[0, 1, 1, 0, 1, 1, 1, 0, 0]
BOX$D2$1227[0, 1, 1, 0, 1, 1, 1, 1, -2]
BOX$D2$1227[0, 1, 1, 0, 1, 1, 1, 1, -1]
BOX$D2$1227[0, 1, 1, 0, 1, 1, 1, 1, 0]
BOX$D2$1227[1, -1, 0, 0, 1, 1, 1, 1, 0]
BOX$D2$1227[1, -1, 1, -1, 1, 0, 1, 1, 0]
BOX$D2$1227[1, -1, 1, -1, 1, 1, 1, 0, 0]
BOX$D2$1227[1, -1, 1, -1, 1, 1, 1, 1, 0]
BOX$D2$1227[1, -1, 1, 0, 1, -1, 1, 1, 0]
BOX$D2$1227[1, -1, 1, 0, 1, 0, 1, 0, 0]
BOX$D2$1227[1, -1, 1, 0, 1, 0, 1, 1, 0]
BOX$D2$1227[1, -1, 1, 0, 1, 1, 1, 0, 0]
BOX$D2$1227[1, -1, 1, 0, 1, 1, 1, 1, -1]
BOX$D2$1227[1, -1, 1, 0, 1, 1, 1, 1, 0]
BOX$D2$1227[1, 0, 0, -1, 1, 1, 1, 1, 0]
BOX$D2$1227[1, 0, 0, 0, 0, 1, 1, 1, 0]
BOX$D2$1227[1, 0, 0, 0, 1, 0, 1, 1, 0]
BOX$D2$1227[1, 0, 0, 0, 1, 1, 0, 1, 0]
BOX$D2$1227[1, 0, 0, 0, 1, 1, 1, 0, 0]
BOX$D2$1227[1, 0, 0, 0, 1, 1, 1, 1, -1]
BOX$D2$1227[1, 0, 0, 0, 1, 1, 1, 1, 0]
BOX$D2$1227[1, 0, 1, -2, 1, 1, 1, 1, 0]
BOX$D2$1227[1, 0, 1, -1, 1, 0, 0, 1, 0]
BOX$D2$1227[1, 0, 1, -1, 1, 0, 1, 1, -1]
BOX$D2$1227[1, 0, 1, -1, 1, 0, 1, 1, 0]
BOX$D2$1227[1, 0, 1, -1, 1, 1, 0, 0, 0]
BOX$D2$1227[1, 0, 1, -1, 1, 1, 0, 1, 0]
BOX$D2$1227[1, 0, 1, -1, 1, 1, 1, 0, 0]
BOX$D2$1227[1, 0, 1, -1, 1, 1, 1, 1, -1]
BOX$D2$1227[1, 0, 1, -1, 1, 1, 1, 1, 0]
BOX$D2$1227[1, 0, 1, 0, 0, -1, 1, 1, 0]
BOX$D2$1227[1, 0, 1, 0, 0, 0, 1, 0, 0]
BOX$D2$1227[1, 0, 1, 0, 0, 0, 1, 1, 0]
BOX$D2$1227[1, 0, 1, 0, 0, 1, 1, 0, 0]
BOX$D2$1227[1, 0, 1, 0, 0, 1, 1, 1, -1]
BOX$D2$1227[1, 0, 1, 0, 0, 1, 1, 1, 0]
BOX$D2$1227[1, 0, 1, 0, 1, -1, 1, 1, -1]
BOX$D2$1227[1, 0, 1, 0, 1, -1, 1, 1, 0]
BOX$D2$1227[1, 0, 1, 0, 1, 0, 0, 0, 0]
BOX$D2$1227[1, 0, 1, 0, 1, 0, 0, 1, 0]
BOX$D2$1227[1, 0, 1, 0, 1, 0, 1, 0, 0]
BOX$D2$1227[1, 0, 1, 0, 1, 0, 1, 1, -1]
BOX$D2$1227[1, 0, 1, 0, 1, 0, 1, 1, 0]
BOX$D2$1227[1, 0, 1, 0, 1, 1, 0, 0, 0]
BOX$D2$1227[1, 0, 1, 0, 1, 1, 0, 1, -1]
BOX$D2$1227[1, 0, 1, 0, 1, 1, 0, 1, 0]
BOX$D2$1227[1, 0, 1, 0, 1, 1, 1, -1, 0]
BOX$D2$1227[1, 0, 1, 0, 1, 1, 1, 0, -1]
BOX$D2$1227[1, 0, 1, 0, 1, 1, 1, 0, 0]
BOX$D2$1227[1, 0, 1, 0, 1, 1, 1, 1, -2]
BOX$D2$1227[1, 0, 1, 0, 1, 1, 1, 1, -1]
BOX$D2$1227[1, 0, 1, 0, 1, 1, 1, 1, 0]
BOX$D2$1227[1, 1, -1, 0, 1, 1, 1, 1, 0]
BOX$D2$1227[1, 1, 0, -1, 0, 1, 1, 1, 0]
BOX$D2$1227[1, 1, 0, -1, 1, 1, 0, 1, 0]
BOX$D2$1227[1, 1, 0, -1, 1, 1, 1, 1, -1]
BOX$D2$1227[1, 1, 0, -1, 1, 1, 1, 1, 0]
BOX$D2$1227[1, 1, 0, 0, -1, 1, 1, 1, 0]
BOX$D2$1227[1, 1, 0, 0, 0, 0, 1, 1, 0]
BOX$D2$1227[1, 1, 0, 0, 0, 1, 0, 1, 0]
BOX$D2$1227[1, 1, 0, 0, 0, 1, 1, 0, 0]
BOX$D2$1227[1, 1, 0, 0, 0, 1, 1, 1, -1]
BOX$D2$1227[1, 1, 0, 0, 0, 1, 1, 1, 0]
BOX$D2$1227[1, 1, 0, 0, 1, 0, 0, 1, 0]
BOX$D2$1227[1, 1, 0, 0, 1, 0, 1, 1, -1]
BOX$D2$1227[1, 1, 0, 0, 1, 0, 1, 1, 0]
BOX$D2$1227[1, 1, 0, 0, 1, 1, -1, 1, 0]
BOX$D2$1227[1, 1, 0, 0, 1, 1, 0, 0, 0]
BOX$D2$1227[1, 1, 0, 0, 1, 1, 0, 1, -1]
BOX$D2$1227[1, 1, 0, 0, 1, 1, 0, 1, 0]
BOX$D2$1227[1, 1, 0, 0, 1, 1, 1, 0, -1]
BOX$D2$1227[1, 1, 0, 0, 1, 1, 1, 0, 0]
BOX$D2$1227[1, 1, 0, 0, 1, 1, 1, 1, -2]
BOX$D2$1227[1, 1, 0, 0, 1, 1, 1, 1, -1]
BOX$D2$1227[1, 1, 0, 0, 1, 1, 1, 1, 0]
BOX$D2$1227[1, 1, 1, -2, 1, 1, 0, 1, 0]
BOX$D2$1227[1, 1, 1, -2, 1, 1, 1, 1, -1]
BOX$D2$1227[1, 1, 1, -2, 1, 1, 1, 1, 0]
BOX$D2$1227[1, 1, 1, -1, 0, 0, 1, 1, 0]
BOX$D2$1227[1, 1, 1, -1, 0, 1, 1, 0, 0]
BOX$D2$1227[1, 1, 1, -1, 0, 1, 1, 1, -1]
BOX$D2$1227[1, 1, 1, -1, 0, 1, 1, 1, 0]
BOX$D2$1227[1, 1, 1, -1, 1, 0, 0, 1, -1]
BOX$D2$1227[1, 1, 1, -1, 1, 0, 0, 1, 0]
BOX$D2$1227[1, 1, 1, -1, 1, 0, 1, 1, -1]
BOX$D2$1227[1, 1, 1, -1, 1, 0, 1, 1, 0]
BOX$D2$1227[1, 1, 1, -1, 1, 1, -1, 0, 0]
BOX$D2$1227[1, 1, 1, -1, 1, 1, 0, 0, 0]
BOX$D2$1227[1, 1, 1, -1, 1, 1, 0, 1, -1]
BOX$D2$1227[1, 1, 1, -1, 1, 1, 0, 1, 0]
BOX$D2$1227[1, 1, 1, -1, 1, 1, 1, 0, -1]
BOX$D2$1227[1, 1, 1, -1, 1, 1, 1, 0, 0]
BOX$D2$1227[1, 1, 1, -1, 1, 1, 1, 1, -2]
BOX$D2$1227[1, 1, 1, -1, 1, 1, 1, 1, -1]
BOX$D2$1227[1, 1, 1, -1, 1, 1, 1, 1, 0]
BOX$D2$1227[1, 1, 1, 0, -1, 1, 1, 0, 0]
BOX$D2$1227[1, 1, 1, 0, -1, 1, 1, 1, -1]
BOX$D2$1227[1, 1, 1, 0, -1, 1, 1, 1, 0]
BOX$D2$1227[1, 1, 1, 0, 0, -1, 1, 1, -1]
BOX$D2$1227[1, 1, 1, 0, 0, -1, 1, 1, 0]
BOX$D2$1227[1, 1, 1, 0, 0, 0, 0, 0, 0]
BOX$D2$1227[1, 1, 1, 0, 0, 0, 1, 0, 0]
BOX$D2$1227[1, 1, 1, 0, 0, 0, 1, 1, -1]
BOX$D2$1227[1, 1, 1, 0, 0, 0, 1, 1, 0]
BOX$D2$1227[1, 1, 1, 0, 0, 1, 0, 0, 0]
BOX$D2$1227[1, 1, 1, 0, 0, 1, 0, 1, -1]
BOX$D2$1227[1, 1, 1, 0, 0, 1, 0, 1, 0]
BOX$D2$1227[1, 1, 1, 0, 0, 1, 1, -1, 0]
BOX$D2$1227[1, 1, 1, 0, 0, 1, 1, 0, -1]
BOX$D2$1227[1, 1, 1, 0, 0, 1, 1, 0, 0]
BOX$D2$1227[1, 1, 1, 0, 0, 1, 1, 1, -2]
BOX$D2$1227[1, 1, 1, 0, 0, 1, 1, 1, -1]
BOX$D2$1227[1, 1, 1, 0, 0, 1, 1, 1, 0]
BOX$D2$1227[1, 1, 1, 0, 1, -1, 1, 1, -1]
BOX$D2$1227[1, 1, 1, 0, 1, -1, 1, 1, 0]
BOX$D2$1227[1, 1, 1, 0, 1, 0, 0, 0, 0]
BOX$D2$1227[1, 1, 1, 0, 1, 0, 0, 1, -1]
BOX$D2$1227[1, 1, 1, 0, 1, 0, 0, 1, 0]
BOX$D2$1227[1, 1, 1, 0, 1, 0, 1, 0, -1]
BOX$D2$1227[1, 1, 1, 0, 1, 0, 1, 0, 0]
BOX$D2$1227[1, 1, 1, 0, 1, 0, 1, 1, -2]
BOX$D2$1227[1, 1, 1, 0, 1, 0, 1, 1, -1]
BOX$D2$1227[1, 1, 1, 0, 1, 0, 1, 1, 0]
BOX$D2$1227[1, 1, 1, 0, 1, 1, -1, 0, 0]
BOX$D2$1227[1, 1, 1, 0, 1, 1, -1, 1, -1]
BOX$D2$1227[1, 1, 1, 0, 1, 1, -1, 1, 0]
BOX$D2$1227[1, 1, 1, 0, 1, 1, 0, -1, 0]
BOX$D2$1227[1, 1, 1, 0, 1, 1, 0, 0, -1]
BOX$D2$1227[1, 1, 1, 0, 1, 1, 0, 0, 0]
BOX$D2$1227[1, 1, 1, 0, 1, 1, 0, 1, -2]
BOX$D2$1227[1, 1, 1, 0, 1, 1, 0, 1, -1]
BOX$D2$1227[1, 1, 1, 0, 1, 1, 0, 1, 0]
BOX$D2$1227[1, 1, 1, 0, 1, 1, 1, -1, 0]
BOX$D2$1227[1, 1, 1, 0, 1, 1, 1, 0, -2]
BOX$D2$1227[1, 1, 1, 0, 1, 1, 1, 0, -1]
BOX$D2$1227[1, 1, 1, 0, 1, 1, 1, 0, 0]
BOX$D2$1227[1, 1, 1, 0, 1, 1, 1, 1, -3]
BOX$D2$1227[1, 1, 1, 0, 1, 1, 1, 1, -2]
BOX$D2$1227[1, 1, 1, 0, 1, 1, 1, 1, -1]
BOX$D2$1227[1, 1, 1, 0, 1, 1, 1, 1, 0]