BOX$C2$5350[-1, 1, 1, 0, -1, 1, 1, 1, 0]
BOX$C2$5350[-1, 1, 1, 0, 0, 1, 0, 1, 0]
BOX$C2$5350[-1, 1, 1, 0, 0, 1, 1, 1, -1]
BOX$C2$5350[-1, 1, 1, 0, 0, 1, 1, 1, 0]
BOX$C2$5350[0, 0, 0, 0, 0, 1, 1, 1, 0]
BOX$C2$5350[0, 0, 1, -1, 0, 1, 1, 1, 0]
BOX$C2$5350[0, 0, 1, 0, 0, 0, 1, 1, 0]
BOX$C2$5350[0, 0, 1, 0, 0, 1, 1, 0, 0]
BOX$C2$5350[0, 0, 1, 0, 0, 1, 1, 1, -1]
BOX$C2$5350[0, 0, 1, 0, 0, 1, 1, 1, 0]
BOX$C2$5350[0, 1, 0, 0, -1, 1, 1, 1, 0]
BOX$C2$5350[0, 1, 0, 0, 0, 1, 0, 1, 0]
BOX$C2$5350[0, 1, 0, 0, 0, 1, 1, 1, -1]
BOX$C2$5350[0, 1, 0, 0, 0, 1, 1, 1, 0]
BOX$C2$5350[0, 1, 1, -1, -1, 1, 1, 1, 0]
BOX$C2$5350[0, 1, 1, -1, 0, 1, 0, 1, 0]
BOX$C2$5350[0, 1, 1, -1, 0, 1, 1, 1, -1]
BOX$C2$5350[0, 1, 1, -1, 0, 1, 1, 1, 0]
BOX$C2$5350[0, 1, 1, 0, -1, 0, 1, 1, 0]
BOX$C2$5350[0, 1, 1, 0, -1, 1, 1, 0, 0]
BOX$C2$5350[0, 1, 1, 0, -1, 1, 1, 1, -1]
BOX$C2$5350[0, 1, 1, 0, -1, 1, 1, 1, 0]
BOX$C2$5350[0, 1, 1, 0, 0, 0, 0, 1, 0]
BOX$C2$5350[0, 1, 1, 0, 0, 0, 1, 1, -1]
BOX$C2$5350[0, 1, 1, 0, 0, 0, 1, 1, 0]
BOX$C2$5350[0, 1, 1, 0, 0, 1, 0, 0, 0]
BOX$C2$5350[0, 1, 1, 0, 0, 1, 0, 1, -1]
BOX$C2$5350[0, 1, 1, 0, 0, 1, 0, 1, 0]
BOX$C2$5350[0, 1, 1, 0, 0, 1, 1, 0, -1]
BOX$C2$5350[0, 1, 1, 0, 0, 1, 1, 0, 0]
BOX$C2$5350[0, 1, 1, 0, 0, 1, 1, 1, -2]
BOX$C2$5350[0, 1, 1, 0, 0, 1, 1, 1, -1]
BOX$C2$5350[0, 1, 1, 0, 0, 1, 1, 1, 0]
BOX$C2$5350[1, -1, 1, 0, 0, 1, 1, 0, 0]
BOX$C2$5350[1, -1, 1, 0, 0, 1, 1, 1, 0]
BOX$C2$5350[1, 0, 0, -1, 0, 1, 1, 1, 0]
BOX$C2$5350[1, 0, 0, 0, 0, 0, 1, 1, 0]
BOX$C2$5350[1, 0, 0, 0, 0, 1, 1, 0, 0]
BOX$C2$5350[1, 0, 0, 0, 0, 1, 1, 1, 0]
BOX$C2$5350[1, 0, 1, -2, 0, 1, 1, 1, 0]
BOX$C2$5350[1, 0, 1, -1, 0, 0, 1, 1, 0]
BOX$C2$5350[1, 0, 1, -1, 0, 1, 1, 0, 0]
BOX$C2$5350[1, 0, 1, -1, 0, 1, 1, 1, -1]
BOX$C2$5350[1, 0, 1, -1, 0, 1, 1, 1, 0]
BOX$C2$5350[1, 0, 1, 0, -1, 1, 1, 0, 0]
BOX$C2$5350[1, 0, 1, 0, -1, 1, 1, 1, 0]
BOX$C2$5350[1, 0, 1, 0, 0, -1, 1, 1, 0]
BOX$C2$5350[1, 0, 1, 0, 0, 0, 1, 0, 0]
BOX$C2$5350[1, 0, 1, 0, 0, 0, 1, 1, -1]
BOX$C2$5350[1, 0, 1, 0, 0, 0, 1, 1, 0]
BOX$C2$5350[1, 0, 1, 0, 0, 1, 0, 0, 0]
BOX$C2$5350[1, 0, 1, 0, 0, 1, 0, 1, 0]
BOX$C2$5350[1, 0, 1, 0, 0, 1, 1, -1, 0]
BOX$C2$5350[1, 0, 1, 0, 0, 1, 1, 0, -1]
BOX$C2$5350[1, 0, 1, 0, 0, 1, 1, 0, 0]
BOX$C2$5350[1, 0, 1, 0, 0, 1, 1, 1, -1]
BOX$C2$5350[1, 0, 1, 0, 0, 1, 1, 1, 0]
BOX$C2$5350[1, 1, -1, 0, 0, 1, 1, 1, 0]
BOX$C2$5350[1, 1, 0, -1, -1, 1, 1, 1, 0]
BOX$C2$5350[1, 1, 0, -1, 0, 1, 0, 1, 0]
BOX$C2$5350[1, 1, 0, -1, 0, 1, 1, 1, 0]
BOX$C2$5350[1, 1, 0, 0, -1, 0, 1, 1, 0]
BOX$C2$5350[1, 1, 0, 0, -1, 1, 1, 0, 0]
BOX$C2$5350[1, 1, 0, 0, -1, 1, 1, 1, 0]
BOX$C2$5350[1, 1, 0, 0, 0, 0, 0, 1, 0]
BOX$C2$5350[1, 1, 0, 0, 0, 0, 1, 1, -1]
BOX$C2$5350[1, 1, 0, 0, 0, 0, 1, 1, 0]
BOX$C2$5350[1, 1, 0, 0, 0, 1, 0, 0, 0]
BOX$C2$5350[1, 1, 0, 0, 0, 1, 0, 1, 0]
BOX$C2$5350[1, 1, 0, 0, 0, 1, 1, 0, -1]
BOX$C2$5350[1, 1, 0, 0, 0, 1, 1, 0, 0]
BOX$C2$5350[1, 1, 0, 0, 0, 1, 1, 1, -1]
BOX$C2$5350[1, 1, 0, 0, 0, 1, 1, 1, 0]
BOX$C2$5350[1, 1, 1, -2, 0, 1, 0, 1, 0]
BOX$C2$5350[1, 1, 1, -2, 0, 1, 1, 1, -1]
BOX$C2$5350[1, 1, 1, -2, 0, 1, 1, 1, 0]
BOX$C2$5350[1, 1, 1, -1, -1, 0, 1, 1, 0]
BOX$C2$5350[1, 1, 1, -1, -1, 1, 1, 0, 0]
BOX$C2$5350[1, 1, 1, -1, -1, 1, 1, 1, -1]
BOX$C2$5350[1, 1, 1, -1, -1, 1, 1, 1, 0]
BOX$C2$5350[1, 1, 1, -1, 0, 0, 0, 1, 0]
BOX$C2$5350[1, 1, 1, -1, 0, 0, 1, 1, -1]
BOX$C2$5350[1, 1, 1, -1, 0, 0, 1, 1, 0]
BOX$C2$5350[1, 1, 1, -1, 0, 1, 0, 0, 0]
BOX$C2$5350[1, 1, 1, -1, 0, 1, 0, 1, -1]
BOX$C2$5350[1, 1, 1, -1, 0, 1, 0, 1, 0]
BOX$C2$5350[1, 1, 1, -1, 0, 1, 1, 0, 0]
BOX$C2$5350[1, 1, 1, -1, 0, 1, 1, 1, -1]
BOX$C2$5350[1, 1, 1, -1, 0, 1, 1, 1, 0]
BOX$C2$5350[1, 1, 1, 0, -2, 1, 1, 0, 0]
BOX$C2$5350[1, 1, 1, 0, -2, 1, 1, 1, 0]
BOX$C2$5350[1, 1, 1, 0, -1, -1, 1, 1, 0]
BOX$C2$5350[1, 1, 1, 0, -1, 0, 1, 0, 0]
BOX$C2$5350[1, 1, 1, 0, -1, 0, 1, 1, -1]
BOX$C2$5350[1, 1, 1, 0, -1, 0, 1, 1, 0]
BOX$C2$5350[1, 1, 1, 0, -1, 1, 0, 0, 0]
BOX$C2$5350[1, 1, 1, 0, -1, 1, 0, 1, 0]
BOX$C2$5350[1, 1, 1, 0, -1, 1, 1, 0, 0]
BOX$C2$5350[1, 1, 1, 0, -1, 1, 1, 1, -1]
BOX$C2$5350[1, 1, 1, 0, -1, 1, 1, 1, 0]
BOX$C2$5350[1, 1, 1, 0, 0, -1, 1, 1, -1]
BOX$C2$5350[1, 1, 1, 0, 0, -1, 1, 1, 0]
BOX$C2$5350[1, 1, 1, 0, 0, 0, 0, 0, 0]
BOX$C2$5350[1, 1, 1, 0, 0, 0, 0, 1, -1]
BOX$C2$5350[1, 1, 1, 0, 0, 0, 0, 1, 0]
BOX$C2$5350[1, 1, 1, 0, 0, 0, 1, 0, -1]
BOX$C2$5350[1, 1, 1, 0, 0, 0, 1, 0, 0]
BOX$C2$5350[1, 1, 1, 0, 0, 0, 1, 1, -2]
BOX$C2$5350[1, 1, 1, 0, 0, 0, 1, 1, -1]
BOX$C2$5350[1, 1, 1, 0, 0, 0, 1, 1, 0]
BOX$C2$5350[1, 1, 1, 0, 0, 1, -1, 0, 0]
BOX$C2$5350[1, 1, 1, 0, 0, 1, -1, 1, 0]
BOX$C2$5350[1, 1, 1, 0, 0, 1, 0, -1, 0]
BOX$C2$5350[1, 1, 1, 0, 0, 1, 0, 0, -1]
BOX$C2$5350[1, 1, 1, 0, 0, 1, 0, 0, 0]
BOX$C2$5350[1, 1, 1, 0, 0, 1, 0, 1, -1]
BOX$C2$5350[1, 1, 1, 0, 0, 1, 0, 1, 0]
BOX$C2$5350[1, 1, 1, 0, 0, 1, 1, -1, 0]
BOX$C2$5350[1, 1, 1, 0, 0, 1, 1, 0, -1]
BOX$C2$5350[1, 1, 1, 0, 0, 1, 1, 0, 0]
BOX$C2$5350[1, 1, 1, 0, 0, 1, 1, 1, -2]
BOX$C2$5350[1, 1, 1, 0, 0, 1, 1, 1, -1]
BOX$C2$5350[1, 1, 1, 0, 0, 1, 1, 1, 0]
BOX$C2$5350[1, 1, 0, -1, 0, 1, 1, 1, -1]
BOX$C2$5350[1, 1, 1, -1, 0, 1, 1, 0, -1]
BOX$C2$5350[1, 1, 1, -1, 0, 1, 1, 1, -2]
BOX$C2$5350[1, 1, 1, 0, -1, 1, 1, -1, 0]
BOX$C2$5350[1, 1, 1, 0, -1, 1, 1, 0, -1]
BOX$C2$5350[-1, 1, 1, 0, -1, 1, 1, 1, 0]
BOX$C2$5350[-1, 1, 1, 0, 0, 1, 0, 1, 0]
BOX$C2$5350[-1, 1, 1, 0, 0, 1, 1, 1, -1]
BOX$C2$5350[-1, 1, 1, 0, 0, 1, 1, 1, 0]
BOX$C2$5350[0, 0, 0, 0, 0, 1, 1, 1, 0]
BOX$C2$5350[0, 0, 1, -1, 0, 1, 1, 1, 0]
BOX$C2$5350[0, 0, 1, 0, 0, 0, 1, 1, 0]
BOX$C2$5350[0, 0, 1, 0, 0, 1, 1, 0, 0]
BOX$C2$5350[0, 0, 1, 0, 0, 1, 1, 1, -1]
BOX$C2$5350[0, 0, 1, 0, 0, 1, 1, 1, 0]
BOX$C2$5350[0, 1, 0, 0, -1, 1, 1, 1, 0]
BOX$C2$5350[0, 1, 0, 0, 0, 1, 0, 1, 0]
BOX$C2$5350[0, 1, 0, 0, 0, 1, 1, 1, -1]
BOX$C2$5350[0, 1, 0, 0, 0, 1, 1, 1, 0]
BOX$C2$5350[0, 1, 1, -1, -1, 1, 1, 1, 0]
BOX$C2$5350[0, 1, 1, -1, 0, 1, 0, 1, 0]
BOX$C2$5350[0, 1, 1, -1, 0, 1, 1, 1, -1]
BOX$C2$5350[0, 1, 1, -1, 0, 1, 1, 1, 0]
BOX$C2$5350[0, 1, 1, 0, -1, 0, 1, 1, 0]
BOX$C2$5350[0, 1, 1, 0, -1, 1, 1, 0, 0]
BOX$C2$5350[0, 1, 1, 0, -1, 1, 1, 1, -1]
BOX$C2$5350[0, 1, 1, 0, -1, 1, 1, 1, 0]
BOX$C2$5350[0, 1, 1, 0, 0, 0, 0, 1, 0]
BOX$C2$5350[0, 1, 1, 0, 0, 0, 1, 1, -1]
BOX$C2$5350[0, 1, 1, 0, 0, 0, 1, 1, 0]
BOX$C2$5350[0, 1, 1, 0, 0, 1, 0, 0, 0]
BOX$C2$5350[0, 1, 1, 0, 0, 1, 0, 1, -1]
BOX$C2$5350[0, 1, 1, 0, 0, 1, 0, 1, 0]
BOX$C2$5350[0, 1, 1, 0, 0, 1, 1, 0, -1]
BOX$C2$5350[0, 1, 1, 0, 0, 1, 1, 0, 0]
BOX$C2$5350[0, 1, 1, 0, 0, 1, 1, 1, -2]
BOX$C2$5350[0, 1, 1, 0, 0, 1, 1, 1, -1]
BOX$C2$5350[0, 1, 1, 0, 0, 1, 1, 1, 0]
BOX$C2$5350[1, -1, 1, 0, 0, 1, 1, 0, 0]
BOX$C2$5350[1, -1, 1, 0, 0, 1, 1, 1, 0]
BOX$C2$5350[1, 0, 0, -1, 0, 1, 1, 1, 0]
BOX$C2$5350[1, 0, 0, 0, 0, 0, 1, 1, 0]
BOX$C2$5350[1, 0, 0, 0, 0, 1, 1, 0, 0]
BOX$C2$5350[1, 0, 0, 0, 0, 1, 1, 1, 0]
BOX$C2$5350[1, 0, 1, -2, 0, 1, 1, 1, 0]
BOX$C2$5350[1, 0, 1, -1, 0, 0, 1, 1, 0]
BOX$C2$5350[1, 0, 1, -1, 0, 1, 1, 0, 0]
BOX$C2$5350[1, 0, 1, -1, 0, 1, 1, 1, -1]
BOX$C2$5350[1, 0, 1, -1, 0, 1, 1, 1, 0]
BOX$C2$5350[1, 0, 1, 0, -1, 1, 1, 0, 0]
BOX$C2$5350[1, 0, 1, 0, -1, 1, 1, 1, 0]
BOX$C2$5350[1, 0, 1, 0, 0, -1, 1, 1, 0]
BOX$C2$5350[1, 0, 1, 0, 0, 0, 1, 0, 0]
BOX$C2$5350[1, 0, 1, 0, 0, 0, 1, 1, -1]
BOX$C2$5350[1, 0, 1, 0, 0, 0, 1, 1, 0]
BOX$C2$5350[1, 0, 1, 0, 0, 1, 0, 0, 0]
BOX$C2$5350[1, 0, 1, 0, 0, 1, 0, 1, 0]
BOX$C2$5350[1, 0, 1, 0, 0, 1, 1, -1, 0]
BOX$C2$5350[1, 0, 1, 0, 0, 1, 1, 0, -1]
BOX$C2$5350[1, 0, 1, 0, 0, 1, 1, 0, 0]
BOX$C2$5350[1, 0, 1, 0, 0, 1, 1, 1, -1]
BOX$C2$5350[1, 0, 1, 0, 0, 1, 1, 1, 0]
BOX$C2$5350[1, 1, -1, 0, 0, 1, 1, 1, 0]
BOX$C2$5350[1, 1, 0, -1, -1, 1, 1, 1, 0]
BOX$C2$5350[1, 1, 0, -1, 0, 1, 0, 1, 0]
BOX$C2$5350[1, 1, 0, -1, 0, 1, 1, 1, 0]
BOX$C2$5350[1, 1, 0, 0, -1, 0, 1, 1, 0]
BOX$C2$5350[1, 1, 0, 0, -1, 1, 1, 0, 0]
BOX$C2$5350[1, 1, 0, 0, -1, 1, 1, 1, 0]
BOX$C2$5350[1, 1, 0, 0, 0, 0, 0, 1, 0]
BOX$C2$5350[1, 1, 0, 0, 0, 0, 1, 1, -1]
BOX$C2$5350[1, 1, 0, 0, 0, 0, 1, 1, 0]
BOX$C2$5350[1, 1, 0, 0, 0, 1, 0, 0, 0]
BOX$C2$5350[1, 1, 0, 0, 0, 1, 0, 1, 0]
BOX$C2$5350[1, 1, 0, 0, 0, 1, 1, 0, -1]
BOX$C2$5350[1, 1, 0, 0, 0, 1, 1, 0, 0]
BOX$C2$5350[1, 1, 0, 0, 0, 1, 1, 1, -1]
BOX$C2$5350[1, 1, 0, 0, 0, 1, 1, 1, 0]
BOX$C2$5350[1, 1, 1, -2, 0, 1, 0, 1, 0]
BOX$C2$5350[1, 1, 1, -2, 0, 1, 1, 1, -1]
BOX$C2$5350[1, 1, 1, -2, 0, 1, 1, 1, 0]
BOX$C2$5350[1, 1, 1, -1, -1, 0, 1, 1, 0]
BOX$C2$5350[1, 1, 1, -1, -1, 1, 1, 0, 0]
BOX$C2$5350[1, 1, 1, -1, -1, 1, 1, 1, -1]
BOX$C2$5350[1, 1, 1, -1, -1, 1, 1, 1, 0]
BOX$C2$5350[1, 1, 1, -1, 0, 0, 0, 1, 0]
BOX$C2$5350[1, 1, 1, -1, 0, 0, 1, 1, -1]
BOX$C2$5350[1, 1, 1, -1, 0, 0, 1, 1, 0]
BOX$C2$5350[1, 1, 1, -1, 0, 1, 0, 0, 0]
BOX$C2$5350[1, 1, 1, -1, 0, 1, 0, 1, -1]
BOX$C2$5350[1, 1, 1, -1, 0, 1, 0, 1, 0]
BOX$C2$5350[1, 1, 1, -1, 0, 1, 1, 0, 0]
BOX$C2$5350[1, 1, 1, -1, 0, 1, 1, 1, -1]
BOX$C2$5350[1, 1, 1, -1, 0, 1, 1, 1, 0]
BOX$C2$5350[1, 1, 1, 0, -2, 1, 1, 0, 0]
BOX$C2$5350[1, 1, 1, 0, -2, 1, 1, 1, 0]
BOX$C2$5350[1, 1, 1, 0, -1, -1, 1, 1, 0]
BOX$C2$5350[1, 1, 1, 0, -1, 0, 1, 0, 0]
BOX$C2$5350[1, 1, 1, 0, -1, 0, 1, 1, -1]
BOX$C2$5350[1, 1, 1, 0, -1, 0, 1, 1, 0]
BOX$C2$5350[1, 1, 1, 0, -1, 1, 0, 0, 0]
BOX$C2$5350[1, 1, 1, 0, -1, 1, 0, 1, 0]
BOX$C2$5350[1, 1, 1, 0, -1, 1, 1, 0, 0]
BOX$C2$5350[1, 1, 1, 0, -1, 1, 1, 1, -1]
BOX$C2$5350[1, 1, 1, 0, -1, 1, 1, 1, 0]
BOX$C2$5350[1, 1, 1, 0, 0, -1, 1, 1, -1]
BOX$C2$5350[1, 1, 1, 0, 0, -1, 1, 1, 0]
BOX$C2$5350[1, 1, 1, 0, 0, 0, 0, 0, 0]
BOX$C2$5350[1, 1, 1, 0, 0, 0, 0, 1, -1]
BOX$C2$5350[1, 1, 1, 0, 0, 0, 0, 1, 0]
BOX$C2$5350[1, 1, 1, 0, 0, 0, 1, 0, -1]
BOX$C2$5350[1, 1, 1, 0, 0, 0, 1, 0, 0]
BOX$C2$5350[1, 1, 1, 0, 0, 0, 1, 1, -2]
BOX$C2$5350[1, 1, 1, 0, 0, 0, 1, 1, -1]
BOX$C2$5350[1, 1, 1, 0, 0, 0, 1, 1, 0]
BOX$C2$5350[1, 1, 1, 0, 0, 1, -1, 0, 0]
BOX$C2$5350[1, 1, 1, 0, 0, 1, -1, 1, 0]
BOX$C2$5350[1, 1, 1, 0, 0, 1, 0, -1, 0]
BOX$C2$5350[1, 1, 1, 0, 0, 1, 0, 0, -1]
BOX$C2$5350[1, 1, 1, 0, 0, 1, 0, 0, 0]
BOX$C2$5350[1, 1, 1, 0, 0, 1, 0, 1, -1]
BOX$C2$5350[1, 1, 1, 0, 0, 1, 0, 1, 0]
BOX$C2$5350[1, 1, 1, 0, 0, 1, 1, -1, 0]
BOX$C2$5350[1, 1, 1, 0, 0, 1, 1, 0, -1]
BOX$C2$5350[1, 1, 1, 0, 0, 1, 1, 0, 0]
BOX$C2$5350[1, 1, 1, 0, 0, 1, 1, 1, -2]
BOX$C2$5350[1, 1, 1, 0, 0, 1, 1, 1, -1]
BOX$C2$5350[1, 1, 1, 0, 0, 1, 1, 1, 0]
BOX$C2$5350[1, 1, 0, -1, 0, 1, 1, 1, -1]
BOX$C2$5350[1, 1, 1, -1, 0, 1, 1, 0, -1]
BOX$C2$5350[1, 1, 1, -1, 0, 1, 1, 1, -2]
BOX$C2$5350[1, 1, 1, 0, -1, 1, 1, -1, 0]
BOX$C2$5350[1, 1, 1, 0, -1, 1, 1, 0, -1]
BOX$C2$5350[-1, 1, 1, 0, -1, 1, 1, 1, 0]
BOX$C2$5350[-1, 1, 1, 0, 0, 1, 0, 1, 0]
BOX$C2$5350[-1, 1, 1, 0, 0, 1, 1, 1, -1]
BOX$C2$5350[-1, 1, 1, 0, 0, 1, 1, 1, 0]
BOX$C2$5350[0, 0, 0, 0, 0, 1, 1, 1, 0]
BOX$C2$5350[0, 0, 1, -1, 0, 1, 1, 1, 0]
BOX$C2$5350[0, 0, 1, 0, 0, 0, 1, 1, 0]
BOX$C2$5350[0, 0, 1, 0, 0, 1, 1, 0, 0]
BOX$C2$5350[0, 0, 1, 0, 0, 1, 1, 1, -1]
BOX$C2$5350[0, 0, 1, 0, 0, 1, 1, 1, 0]
BOX$C2$5350[0, 1, 0, 0, -1, 1, 1, 1, 0]
BOX$C2$5350[0, 1, 0, 0, 0, 1, 0, 1, 0]
BOX$C2$5350[0, 1, 0, 0, 0, 1, 1, 1, -1]
BOX$C2$5350[0, 1, 0, 0, 0, 1, 1, 1, 0]
BOX$C2$5350[0, 1, 1, -1, -1, 1, 1, 1, 0]
BOX$C2$5350[0, 1, 1, -1, 0, 1, 0, 1, 0]
BOX$C2$5350[0, 1, 1, -1, 0, 1, 1, 1, -1]
BOX$C2$5350[0, 1, 1, -1, 0, 1, 1, 1, 0]
BOX$C2$5350[0, 1, 1, 0, -1, 0, 1, 1, 0]
BOX$C2$5350[0, 1, 1, 0, -1, 1, 1, 0, 0]
BOX$C2$5350[0, 1, 1, 0, -1, 1, 1, 1, -1]
BOX$C2$5350[0, 1, 1, 0, -1, 1, 1, 1, 0]
BOX$C2$5350[0, 1, 1, 0, 0, 0, 0, 1, 0]
BOX$C2$5350[0, 1, 1, 0, 0, 0, 1, 1, -1]
BOX$C2$5350[0, 1, 1, 0, 0, 0, 1, 1, 0]
BOX$C2$5350[0, 1, 1, 0, 0, 1, 0, 0, 0]
BOX$C2$5350[0, 1, 1, 0, 0, 1, 0, 1, -1]
BOX$C2$5350[0, 1, 1, 0, 0, 1, 0, 1, 0]
BOX$C2$5350[0, 1, 1, 0, 0, 1, 1, 0, -1]
BOX$C2$5350[0, 1, 1, 0, 0, 1, 1, 0, 0]
BOX$C2$5350[0, 1, 1, 0, 0, 1, 1, 1, -2]
BOX$C2$5350[0, 1, 1, 0, 0, 1, 1, 1, -1]
BOX$C2$5350[0, 1, 1, 0, 0, 1, 1, 1, 0]
BOX$C2$5350[1, -1, 1, 0, 0, 1, 1, 0, 0]
BOX$C2$5350[1, -1, 1, 0, 0, 1, 1, 1, 0]
BOX$C2$5350[1, 0, 0, -1, 0, 1, 1, 1, 0]
BOX$C2$5350[1, 0, 0, 0, 0, 0, 1, 1, 0]
BOX$C2$5350[1, 0, 0, 0, 0, 1, 1, 0, 0]
BOX$C2$5350[1, 0, 0, 0, 0, 1, 1, 1, 0]
BOX$C2$5350[1, 0, 1, -2, 0, 1, 1, 1, 0]
BOX$C2$5350[1, 0, 1, -1, 0, 0, 1, 1, 0]
BOX$C2$5350[1, 0, 1, -1, 0, 1, 1, 0, 0]
BOX$C2$5350[1, 0, 1, -1, 0, 1, 1, 1, -1]
BOX$C2$5350[1, 0, 1, -1, 0, 1, 1, 1, 0]
BOX$C2$5350[1, 0, 1, 0, -1, 1, 1, 0, 0]
BOX$C2$5350[1, 0, 1, 0, -1, 1, 1, 1, 0]
BOX$C2$5350[1, 0, 1, 0, 0, -1, 1, 1, 0]
BOX$C2$5350[1, 0, 1, 0, 0, 0, 1, 0, 0]
BOX$C2$5350[1, 0, 1, 0, 0, 0, 1, 1, -1]
BOX$C2$5350[1, 0, 1, 0, 0, 0, 1, 1, 0]
BOX$C2$5350[1, 0, 1, 0, 0, 1, 0, 0, 0]
BOX$C2$5350[1, 0, 1, 0, 0, 1, 0, 1, 0]
BOX$C2$5350[1, 0, 1, 0, 0, 1, 1, -1, 0]
BOX$C2$5350[1, 0, 1, 0, 0, 1, 1, 0, -1]
BOX$C2$5350[1, 0, 1, 0, 0, 1, 1, 0, 0]
BOX$C2$5350[1, 0, 1, 0, 0, 1, 1, 1, -1]
BOX$C2$5350[1, 0, 1, 0, 0, 1, 1, 1, 0]
BOX$C2$5350[1, 1, -1, 0, 0, 1, 1, 1, 0]
BOX$C2$5350[1, 1, 0, -1, -1, 1, 1, 1, 0]
BOX$C2$5350[1, 1, 0, -1, 0, 1, 0, 1, 0]
BOX$C2$5350[1, 1, 0, -1, 0, 1, 1, 1, 0]
BOX$C2$5350[1, 1, 0, 0, -1, 0, 1, 1, 0]
BOX$C2$5350[1, 1, 0, 0, -1, 1, 1, 0, 0]
BOX$C2$5350[1, 1, 0, 0, -1, 1, 1, 1, 0]
BOX$C2$5350[1, 1, 0, 0, 0, 0, 0, 1, 0]
BOX$C2$5350[1, 1, 0, 0, 0, 0, 1, 1, -1]
BOX$C2$5350[1, 1, 0, 0, 0, 0, 1, 1, 0]
BOX$C2$5350[1, 1, 0, 0, 0, 1, 0, 0, 0]
BOX$C2$5350[1, 1, 0, 0, 0, 1, 0, 1, 0]
BOX$C2$5350[1, 1, 0, 0, 0, 1, 1, 0, -1]
BOX$C2$5350[1, 1, 0, 0, 0, 1, 1, 0, 0]
BOX$C2$5350[1, 1, 0, 0, 0, 1, 1, 1, -1]
BOX$C2$5350[1, 1, 0, 0, 0, 1, 1, 1, 0]
BOX$C2$5350[1, 1, 1, -2, 0, 1, 0, 1, 0]
BOX$C2$5350[1, 1, 1, -2, 0, 1, 1, 1, -1]
BOX$C2$5350[1, 1, 1, -2, 0, 1, 1, 1, 0]
BOX$C2$5350[1, 1, 1, -1, -1, 0, 1, 1, 0]
BOX$C2$5350[1, 1, 1, -1, -1, 1, 1, 0, 0]
BOX$C2$5350[1, 1, 1, -1, -1, 1, 1, 1, -1]
BOX$C2$5350[1, 1, 1, -1, -1, 1, 1, 1, 0]
BOX$C2$5350[1, 1, 1, -1, 0, 0, 0, 1, 0]
BOX$C2$5350[1, 1, 1, -1, 0, 0, 1, 1, -1]
BOX$C2$5350[1, 1, 1, -1, 0, 0, 1, 1, 0]
BOX$C2$5350[1, 1, 1, -1, 0, 1, 0, 0, 0]
BOX$C2$5350[1, 1, 1, -1, 0, 1, 0, 1, -1]
BOX$C2$5350[1, 1, 1, -1, 0, 1, 0, 1, 0]
BOX$C2$5350[1, 1, 1, -1, 0, 1, 1, 0, 0]
BOX$C2$5350[1, 1, 1, -1, 0, 1, 1, 1, -1]
BOX$C2$5350[1, 1, 1, -1, 0, 1, 1, 1, 0]
BOX$C2$5350[1, 1, 1, 0, -2, 1, 1, 0, 0]
BOX$C2$5350[1, 1, 1, 0, -2, 1, 1, 1, 0]
BOX$C2$5350[1, 1, 1, 0, -1, -1, 1, 1, 0]
BOX$C2$5350[1, 1, 1, 0, -1, 0, 1, 0, 0]
BOX$C2$5350[1, 1, 1, 0, -1, 0, 1, 1, -1]
BOX$C2$5350[1, 1, 1, 0, -1, 0, 1, 1, 0]
BOX$C2$5350[1, 1, 1, 0, -1, 1, 0, 0, 0]
BOX$C2$5350[1, 1, 1, 0, -1, 1, 0, 1, 0]
BOX$C2$5350[1, 1, 1, 0, -1, 1, 1, 0, 0]
BOX$C2$5350[1, 1, 1, 0, -1, 1, 1, 1, -1]
BOX$C2$5350[1, 1, 1, 0, -1, 1, 1, 1, 0]
BOX$C2$5350[1, 1, 1, 0, 0, -1, 1, 1, -1]
BOX$C2$5350[1, 1, 1, 0, 0, -1, 1, 1, 0]
BOX$C2$5350[1, 1, 1, 0, 0, 0, 0, 0, 0]
BOX$C2$5350[1, 1, 1, 0, 0, 0, 0, 1, -1]
BOX$C2$5350[1, 1, 1, 0, 0, 0, 0, 1, 0]
BOX$C2$5350[1, 1, 1, 0, 0, 0, 1, 0, -1]
BOX$C2$5350[1, 1, 1, 0, 0, 0, 1, 0, 0]
BOX$C2$5350[1, 1, 1, 0, 0, 0, 1, 1, -2]
BOX$C2$5350[1, 1, 1, 0, 0, 0, 1, 1, -1]
BOX$C2$5350[1, 1, 1, 0, 0, 0, 1, 1, 0]
BOX$C2$5350[1, 1, 1, 0, 0, 1, -1, 0, 0]
BOX$C2$5350[1, 1, 1, 0, 0, 1, -1, 1, 0]
BOX$C2$5350[1, 1, 1, 0, 0, 1, 0, -1, 0]
BOX$C2$5350[1, 1, 1, 0, 0, 1, 0, 0, -1]
BOX$C2$5350[1, 1, 1, 0, 0, 1, 0, 0, 0]
BOX$C2$5350[1, 1, 1, 0, 0, 1, 0, 1, -1]
BOX$C2$5350[1, 1, 1, 0, 0, 1, 0, 1, 0]
BOX$C2$5350[1, 1, 1, 0, 0, 1, 1, -1, 0]
BOX$C2$5350[1, 1, 1, 0, 0, 1, 1, 0, -1]
BOX$C2$5350[1, 1, 1, 0, 0, 1, 1, 0, 0]
BOX$C2$5350[1, 1, 1, 0, 0, 1, 1, 1, -2]
BOX$C2$5350[1, 1, 1, 0, 0, 1, 1, 1, -1]
BOX$C2$5350[1, 1, 1, 0, 0, 1, 1, 1, 0]
BOX$C2$5350[0, 0, 1, 0, -1, 1, 1, 1, 0]
BOX$C2$5350[0, 0, 1, 0, 0, 1, 0, 1, 0]
BOX$C2$5350[0, 1, 1, 0, -2, 1, 1, 1, 0]
BOX$C2$5350[0, 1, 1, 0, -1, 1, 0, 1, 0]
BOX$C2$5350[0, 1, 1, 0, 0, 1, -1, 1, 0]
BOX$C2$5350[1, -1, 1, -1, 0, 1, 1, 1, 0]
BOX$C2$5350[1, -1, 1, 0, 0, 0, 1, 1, 0]
BOX$C2$5350[1, 0, 1, -1, -1, 1, 1, 1, 0]
BOX$C2$5350[1, 0, 1, -1, 0, 1, 0, 1, 0]
BOX$C2$5350[1, 0, 1, 0, -1, 0, 1, 1, 0]
BOX$C2$5350[1, 0, 1, 0, 0, 0, 0, 1, 0]
BOX$C2$5350[1, 1, 0, -1, 0, 1, 1, 1, -1]
BOX$C2$5350[1, 1, 1, -1, -1, 1, 0, 1, 0]
BOX$C2$5350[1, 1, 1, -1, 0, 1, -1, 1, 0]
BOX$C2$5350[1, 1, 1, -1, 0, 1, 1, 0, -1]
BOX$C2$5350[1, 1, 1, -1, 0, 1, 1, 1, -2]
BOX$C2$5350[1, 1, 1, 0, -2, 0, 1, 1, 0]
BOX$C2$5350[1, 1, 1, 0, -1, 0, 0, 1, 0]
BOX$C2$5350[1, 1, 1, 0, -1, 1, 1, -1, 0]
BOX$C2$5350[1, 1, 1, 0, -1, 1, 1, 0, -1]
BOX$C2$5350[0, 0, 1, 0, -1, 1, 1, 1, 0]
BOX$C2$5350[0, 0, 1, 0, 0, 1, 0, 1, 0]
BOX$C2$5350[0, 1, 1, 0, -1, 1, 0, 1, 0]
BOX$C2$5350[0, 1, 1, 0, 0, 1, -1, 1, 0]
BOX$C2$5350[1, -1, 1, -1, 0, 1, 1, 1, 0]
BOX$C2$5350[1, -1, 1, 0, 0, 0, 1, 1, 0]
BOX$C2$5350[1, 0, 1, -1, 0, 1, 0, 1, 0]
BOX$C2$5350[1, 0, 1, 0, -1, 0, 1, 1, 0]
BOX$C2$5350[1, 0, 1, 0, 0, 0, 0, 1, 0]
BOX$C2$5350[1, 1, 1, -1, 0, 1, -1, 1, 0]
BOX$C2$5350[1, 1, 1, 0, -1, 0, 0, 1, 0]
BOX$C2$5350[0, 1, 1, 0, -2, 1, 1, 1, 0]
BOX$C2$5350[1, 0, 1, -1, -1, 1, 1, 1, 0]
BOX$C2$5350[1, 1, 1, -1, -1, 1, 0, 1, 0]
BOX$C2$5350[1, 1, 1, 0, -2, 0, 1, 1, 0]
BOX$C2$5350[0, 1, 2, 0, 0, 1, 1, 1, 0]
BOX$C2$5350[1, 0, 1, 0, 0, 1, 2, 1, 0]
BOX$C2$5350[1, 0, 2, 0, 0, 1, 1, 1, 0]
BOX$C2$5350[1, 1, 1, 0, 0, 1, 1, 2, 0]
BOX$C2$5350[1, 1, 1, 0, 0, 1, 2, 1, -1]
BOX$C2$5350[1, 1, 1, 0, 0, 1, 2, 1, 0]
BOX$C2$5350[1, 1, 1, 0, 0, 2, 1, 0, 0]
BOX$C2$5350[1, 1, 1, 0, 0, 2, 1, 1, 0]
BOX$C2$5350[1, 1, 2, 0, 0, 0, 1, 1, 0]
BOX$C2$5350[1, 1, 2, 0, 0, 1, 0, 1, 0]
BOX$C2$5350[1, 1, 2, 0, 0, 1, 1, 0, 0]
BOX$C2$5350[1, 1, 2, 0, 0, 1, 1, 1, -1]
BOX$C2$5350[1, 1, 2, 0, 0, 1, 1, 1, 0]
BOX$C2$5350[1, 2, 1, 0, 0, 1, 0, 1, 0]
BOX$C2$5350[1, 2, 1, 0, 0, 1, 1, 1, -1]
BOX$C2$5350[1, 2, 1, 0, 0, 1, 1, 1, 0]
BOX$C2$5350[2, 1, 1, 0, 0, 1, 1, 0, 0]
BOX$C2$5350[2, 1, 1, 0, 0, 1, 1, 1, 0]
BOX$C2$5350[0, 1, 2, 0, 0, 1, 1, 1, 0]
BOX$C2$5350[1, 0, 1, 0, 0, 1, 2, 1, 0]
BOX$C2$5350[1, 0, 2, 0, 0, 1, 1, 1, 0]
BOX$C2$5350[1, 1, 1, 0, 0, 1, 1, 2, 0]
BOX$C2$5350[1, 1, 1, 0, 0, 1, 2, 1, -1]
BOX$C2$5350[1, 1, 1, 0, 0, 1, 2, 1, 0]
BOX$C2$5350[1, 1, 1, 0, 0, 2, 1, 0, 0]
BOX$C2$5350[1, 1, 1, 0, 0, 2, 1, 1, 0]
BOX$C2$5350[1, 1, 2, 0, 0, 0, 1, 1, 0]
BOX$C2$5350[1, 1, 2, 0, 0, 1, 0, 1, 0]
BOX$C2$5350[1, 1, 2, 0, 0, 1, 1, 0, 0]
BOX$C2$5350[1, 1, 2, 0, 0, 1, 1, 1, -1]
BOX$C2$5350[1, 1, 2, 0, 0, 1, 1, 1, 0]
BOX$C2$5350[1, 2, 1, 0, 0, 1, 0, 1, 0]
BOX$C2$5350[1, 2, 1, 0, 0, 1, 1, 1, -1]
BOX$C2$5350[1, 2, 1, 0, 0, 1, 1, 1, 0]
BOX$C2$5350[2, 1, 1, 0, 0, 1, 1, 0, 0]
BOX$C2$5350[2, 1, 1, 0, 0, 1, 1, 1, 0]
BOX$C2$5350[0, 1, 1, 0, 0, 1, 1, 2, 0]
BOX$C2$5350[0, 1, 1, 0, 0, 2, 1, 1, 0]
BOX$C2$5350[0, 1, 2, 0, 0, 1, 1, 1, 0]
BOX$C2$5350[1, 0, 1, 0, 0, 1, 2, 1, 0]
BOX$C2$5350[1, 0, 2, 0, 0, 1, 1, 1, 0]
BOX$C2$5350[1, 1, 1, -1, 0, 1, 1, 2, 0]
BOX$C2$5350[1, 1, 1, -1, 0, 2, 1, 1, 0]
BOX$C2$5350[1, 1, 1, 0, -1, 1, 2, 1, 0]
BOX$C2$5350[1, 1, 1, 0, 0, 0, 1, 2, 0]
BOX$C2$5350[1, 1, 1, 0, 0, 1, 1, 2, 0]
BOX$C2$5350[1, 1, 1, 0, 0, 1, 2, 1, -1]
BOX$C2$5350[1, 1, 1, 0, 0, 1, 2, 1, 0]
BOX$C2$5350[1, 1, 1, 0, 0, 2, 1, 0, 0]
BOX$C2$5350[1, 1, 1, 0, 0, 2, 1, 1, 0]
BOX$C2$5350[1, 1, 2, -1, 0, 1, 1, 1, 0]
BOX$C2$5350[1, 1, 2, 0, -1, 1, 1, 1, 0]
BOX$C2$5350[1, 1, 2, 0, 0, 0, 1, 1, 0]
BOX$C2$5350[1, 1, 2, 0, 0, 1, 0, 1, 0]
BOX$C2$5350[1, 1, 2, 0, 0, 1, 1, 0, 0]
BOX$C2$5350[1, 1, 2, 0, 0, 1, 1, 1, -1]
BOX$C2$5350[1, 1, 2, 0, 0, 1, 1, 1, 0]
BOX$C2$5350[1, 2, 1, 0, -1, 1, 1, 1, 0]
BOX$C2$5350[1, 2, 1, 0, 0, 1, 0, 1, 0]
BOX$C2$5350[1, 2, 1, 0, 0, 1, 1, 1, -1]
BOX$C2$5350[1, 2, 1, 0, 0, 1, 1, 1, 0]
BOX$C2$5350[2, 1, 1, -1, 0, 1, 1, 1, 0]
BOX$C2$5350[2, 1, 1, 0, 0, 0, 1, 1, 0]
BOX$C2$5350[2, 1, 1, 0, 0, 1, 1, 0, 0]
BOX$C2$5350[2, 1, 1, 0, 0, 1, 1, 1, 0]
BOX$C2$5350[0, 1, 1, 0, 0, 1, 1, 2, 0]
BOX$C2$5350[0, 1, 1, 0, 0, 2, 1, 1, 0]
BOX$C2$5350[1, 1, 1, -1, 0, 1, 1, 2, 0]
BOX$C2$5350[1, 1, 1, -1, 0, 2, 1, 1, 0]
BOX$C2$5350[1, 1, 1, 0, -1, 1, 2, 1, 0]
BOX$C2$5350[1, 1, 1, 0, 0, 0, 1, 2, 0]
BOX$C2$5350[1, 1, 2, -1, 0, 1, 1, 1, 0]
BOX$C2$5350[1, 1, 2, 0, -1, 1, 1, 1, 0]
BOX$C2$5350[1, 2, 1, 0, -1, 1, 1, 1, 0]
BOX$C2$5350[2, 1, 1, -1, 0, 1, 1, 1, 0]
BOX$C2$5350[2, 1, 1, 0, 0, 0, 1, 1, 0]
BOX$C2$5350[1, 1, 1, 0, -1, 1, 2, 1, 0]
BOX$C2$5350[1, 1, 2, -1, 0, 1, 1, 1, 0]
BOX$C2$5350[1, 1, 2, 0, -1, 1, 1, 1, 0]
BOX$C2$5350[1, 2, 1, 0, -1, 1, 1, 1, 0]
BOX$C2$5350[1, 1, 1, 0, 0, 1, 2, 2, 0]
BOX$C2$5350[1, 1, 1, 0, 0, 2, 2, 1, 0]
BOX$C2$5350[1, 1, 2, 0, 0, 1, 1, 2, 0]
BOX$C2$5350[1, 1, 2, 0, 0, 1, 2, 1, 0]
BOX$C2$5350[1, 1, 2, 0, 0, 2, 1, 1, 0]
BOX$C2$5350[1, 2, 1, 0, 0, 1, 1, 2, 0]
BOX$C2$5350[1, 2, 1, 0, 0, 2, 1, 1, 0]
BOX$C2$5350[1, 2, 2, 0, 0, 1, 1, 1, 0]
BOX$C2$5350[2, 1, 1, 0, 0, 1, 2, 1, 0]
BOX$C2$5350[2, 1, 2, 0, 0, 1, 1, 1, 0]
BOX$C2$5350[2, 2, 1, 0, 0, 1, 1, 1, 0]
BOX$C2$5350[1, 1, 1, 0, 0, 1, 2, 2, 0]
BOX$C2$5350[1, 1, 1, 0, 0, 2, 2, 1, 0]
BOX$C2$5350[1, 1, 2, 0, 0, 1, 1, 2, 0]
BOX$C2$5350[1, 1, 2, 0, 0, 1, 2, 1, 0]
BOX$C2$5350[1, 1, 2, 0, 0, 2, 1, 1, 0]
BOX$C2$5350[1, 2, 1, 0, 0, 1, 1, 2, 0]
BOX$C2$5350[1, 2, 1, 0, 0, 2, 1, 1, 0]
BOX$C2$5350[1, 2, 2, 0, 0, 1, 1, 1, 0]
BOX$C2$5350[2, 1, 1, 0, 0, 1, 2, 1, 0]
BOX$C2$5350[2, 1, 2, 0, 0, 1, 1, 1, 0]
BOX$C2$5350[2, 2, 1, 0, 0, 1, 1, 1, 0]
BOX$C2$5350[1, 1, 1, 0, 0, 1, 2, 2, 0]
BOX$C2$5350[1, 1, 1, 0, 0, 2, 2, 1, 0]
BOX$C2$5350[1, 1, 2, 0, 0, 1, 1, 2, 0]
BOX$C2$5350[1, 1, 2, 0, 0, 1, 2, 1, 0]
BOX$C2$5350[1, 1, 2, 0, 0, 2, 1, 1, 0]
BOX$C2$5350[1, 2, 1, 0, 0, 1, 1, 2, 0]
BOX$C2$5350[1, 2, 1, 0, 0, 2, 1, 1, 0]
BOX$C2$5350[1, 2, 2, 0, 0, 1, 1, 1, 0]
BOX$C2$5350[2, 1, 1, 0, 0, 1, 2, 1, 0]
BOX$C2$5350[2, 1, 2, 0, 0, 1, 1, 1, 0]
BOX$C2$5350[2, 2, 1, 0, 0, 1, 1, 1, 0]