BOX$F3$17225[-1, 1, 0, 0, 1, 0, 0, 1, 1]
BOX$F3$17225[-1, 1, 0, 1, 1, -1, 0, 1, 1]
BOX$F3$17225[-1, 1, 0, 1, 1, 0, -1, 1, 1]
BOX$F3$17225[-1, 1, 0, 1, 1, 0, 0, 0, 1]
BOX$F3$17225[-1, 1, 0, 1, 1, 0, 0, 1, 0]
BOX$F3$17225[-1, 1, 0, 1, 1, 0, 0, 1, 1]
BOX$F3$17225[0, 0, 0, 0, 1, 0, 0, 1, 1]
BOX$F3$17225[0, 0, 0, 1, 0, 0, 0, 1, 1]
BOX$F3$17225[0, 0, 0, 1, 1, -1, 0, 1, 1]
BOX$F3$17225[0, 0, 0, 1, 1, 0, -1, 1, 1]
BOX$F3$17225[0, 0, 0, 1, 1, 0, 0, 0, 1]
BOX$F3$17225[0, 0, 0, 1, 1, 0, 0, 1, 0]
BOX$F3$17225[0, 0, 0, 1, 1, 0, 0, 1, 1]
BOX$F3$17225[0, 1, -1, 0, 1, 0, 0, 1, 1]
BOX$F3$17225[0, 1, -1, 1, 0, 0, 0, 1, 1]
BOX$F3$17225[0, 1, -1, 1, 1, -1, 0, 1, 1]
BOX$F3$17225[0, 1, -1, 1, 1, 0, -1, 1, 1]
BOX$F3$17225[0, 1, -1, 1, 1, 0, 0, 0, 1]
BOX$F3$17225[0, 1, -1, 1, 1, 0, 0, 1, 0]
BOX$F3$17225[0, 1, -1, 1, 1, 0, 0, 1, 1]
BOX$F3$17225[0, 1, 0, -1, 1, 0, 0, 1, 1]
BOX$F3$17225[0, 1, 0, 0, 0, 0, 0, 1, 1]
BOX$F3$17225[0, 1, 0, 0, 1, -1, 0, 1, 1]
BOX$F3$17225[0, 1, 0, 0, 1, 0, -1, 1, 1]
BOX$F3$17225[0, 1, 0, 0, 1, 0, 0, 0, 1]
BOX$F3$17225[0, 1, 0, 0, 1, 0, 0, 1, 0]
BOX$F3$17225[0, 1, 0, 0, 1, 0, 0, 1, 1]
BOX$F3$17225[0, 1, 0, 1, 0, -1, 0, 1, 1]
BOX$F3$17225[0, 1, 0, 1, 0, 0, -1, 1, 1]
BOX$F3$17225[0, 1, 0, 1, 0, 0, 0, 0, 1]
BOX$F3$17225[0, 1, 0, 1, 0, 0, 0, 1, 0]
BOX$F3$17225[0, 1, 0, 1, 0, 0, 0, 1, 1]
BOX$F3$17225[0, 1, 0, 1, 1, -2, 0, 1, 1]
BOX$F3$17225[0, 1, 0, 1, 1, -1, -1, 1, 1]
BOX$F3$17225[0, 1, 0, 1, 1, -1, 0, 0, 1]
BOX$F3$17225[0, 1, 0, 1, 1, -1, 0, 1, 0]
BOX$F3$17225[0, 1, 0, 1, 1, -1, 0, 1, 1]
BOX$F3$17225[0, 1, 0, 1, 1, 0, -2, 1, 1]
BOX$F3$17225[0, 1, 0, 1, 1, 0, -1, 0, 1]
BOX$F3$17225[0, 1, 0, 1, 1, 0, -1, 1, 0]
BOX$F3$17225[0, 1, 0, 1, 1, 0, -1, 1, 1]
BOX$F3$17225[0, 1, 0, 1, 1, 0, 0, -1, 1]
BOX$F3$17225[0, 1, 0, 1, 1, 0, 0, 0, 0]
BOX$F3$17225[0, 1, 0, 1, 1, 0, 0, 0, 1]
BOX$F3$17225[0, 1, 0, 1, 1, 0, 0, 1, -1]
BOX$F3$17225[0, 1, 0, 1, 1, 0, 0, 1, 0]
BOX$F3$17225[0, 1, 0, 1, 1, 0, 0, 1, 1]
BOX$F3$17225[1, -1, 0, 0, 1, 0, 0, 1, 1]
BOX$F3$17225[1, -1, 0, 1, 0, 0, 0, 1, 1]
BOX$F3$17225[1, -1, 0, 1, 1, 0, -1, 1, 1]
BOX$F3$17225[1, -1, 0, 1, 1, 0, 0, 0, 1]
BOX$F3$17225[1, -1, 0, 1, 1, 0, 0, 1, 0]
BOX$F3$17225[1, -1, 0, 1, 1, 0, 0, 1, 1]
BOX$F3$17225[1, 0, -1, 0, 1, 0, 0, 1, 1]
BOX$F3$17225[1, 0, -1, 1, 0, 0, 0, 1, 1]
BOX$F3$17225[1, 0, -1, 1, 1, -1, 0, 1, 1]
BOX$F3$17225[1, 0, -1, 1, 1, 0, -1, 1, 1]
BOX$F3$17225[1, 0, -1, 1, 1, 0, 0, 0, 1]
BOX$F3$17225[1, 0, -1, 1, 1, 0, 0, 1, 0]
BOX$F3$17225[1, 0, -1, 1, 1, 0, 0, 1, 1]
BOX$F3$17225[1, 0, 0, -1, 1, 0, 0, 1, 1]
BOX$F3$17225[1, 0, 0, 0, 0, 0, 0, 1, 1]
BOX$F3$17225[1, 0, 0, 0, 1, -1, 0, 1, 1]
BOX$F3$17225[1, 0, 0, 0, 1, 0, -1, 1, 1]
BOX$F3$17225[1, 0, 0, 0, 1, 0, 0, 0, 1]
BOX$F3$17225[1, 0, 0, 0, 1, 0, 0, 1, 0]
BOX$F3$17225[1, 0, 0, 0, 1, 0, 0, 1, 1]
BOX$F3$17225[1, 0, 0, 1, -1, 0, 0, 1, 1]
BOX$F3$17225[1, 0, 0, 1, 0, -1, 0, 1, 1]
BOX$F3$17225[1, 0, 0, 1, 0, 0, -1, 1, 1]
BOX$F3$17225[1, 0, 0, 1, 0, 0, 0, 0, 1]
BOX$F3$17225[1, 0, 0, 1, 0, 0, 0, 1, 0]
BOX$F3$17225[1, 0, 0, 1, 0, 0, 0, 1, 1]
BOX$F3$17225[1, 0, 0, 1, 1, -2, 0, 1, 1]
BOX$F3$17225[1, 0, 0, 1, 1, -1, -1, 1, 1]
BOX$F3$17225[1, 0, 0, 1, 1, -1, 0, 1, 1]
BOX$F3$17225[1, 0, 0, 1, 1, 0, -2, 1, 1]
BOX$F3$17225[1, 0, 0, 1, 1, 0, -1, 0, 1]
BOX$F3$17225[1, 0, 0, 1, 1, 0, -1, 1, 0]
BOX$F3$17225[1, 0, 0, 1, 1, 0, -1, 1, 1]
BOX$F3$17225[1, 0, 0, 1, 1, 0, 0, -1, 1]
BOX$F3$17225[1, 0, 0, 1, 1, 0, 0, 0, 0]
BOX$F3$17225[1, 0, 0, 1, 1, 0, 0, 0, 1]
BOX$F3$17225[1, 0, 0, 1, 1, 0, 0, 1, -1]
BOX$F3$17225[1, 0, 0, 1, 1, 0, 0, 1, 0]
BOX$F3$17225[1, 0, 0, 1, 1, 0, 0, 1, 1]
BOX$F3$17225[1, 1, -2, 0, 1, 0, 0, 1, 1]
BOX$F3$17225[1, 1, -2, 1, 0, 0, 0, 1, 1]
BOX$F3$17225[1, 1, -2, 1, 1, 0, -1, 1, 1]
BOX$F3$17225[1, 1, -2, 1, 1, 0, 0, 0, 1]
BOX$F3$17225[1, 1, -2, 1, 1, 0, 0, 1, 0]
BOX$F3$17225[1, 1, -2, 1, 1, 0, 0, 1, 1]
BOX$F3$17225[1, 1, -1, -1, 1, 0, 0, 1, 1]
BOX$F3$17225[1, 1, -1, 0, 0, 0, 0, 1, 1]
BOX$F3$17225[1, 1, -1, 0, 1, -1, 0, 1, 1]
BOX$F3$17225[1, 1, -1, 0, 1, 0, -1, 1, 1]
BOX$F3$17225[1, 1, -1, 0, 1, 0, 0, 0, 1]
BOX$F3$17225[1, 1, -1, 0, 1, 0, 0, 1, 0]
BOX$F3$17225[1, 1, -1, 0, 1, 0, 0, 1, 1]
BOX$F3$17225[1, 1, -1, 1, -1, 0, 0, 1, 1]
BOX$F3$17225[1, 1, -1, 1, 0, -1, 0, 1, 1]
BOX$F3$17225[1, 1, -1, 1, 0, 0, -1, 1, 1]
BOX$F3$17225[1, 1, -1, 1, 0, 0, 0, 0, 1]
BOX$F3$17225[1, 1, -1, 1, 0, 0, 0, 1, 0]
BOX$F3$17225[1, 1, -1, 1, 0, 0, 0, 1, 1]
BOX$F3$17225[1, 1, -1, 1, 1, -1, -1, 1, 1]
BOX$F3$17225[1, 1, -1, 1, 1, -1, 0, 0, 1]
BOX$F3$17225[1, 1, -1, 1, 1, -1, 0, 1, 0]
BOX$F3$17225[1, 1, -1, 1, 1, -1, 0, 1, 1]
BOX$F3$17225[1, 1, -1, 1, 1, 0, -2, 1, 1]
BOX$F3$17225[1, 1, -1, 1, 1, 0, -1, 0, 1]
BOX$F3$17225[1, 1, -1, 1, 1, 0, -1, 1, 0]
BOX$F3$17225[1, 1, -1, 1, 1, 0, -1, 1, 1]
BOX$F3$17225[1, 1, -1, 1, 1, 0, 0, 0, 0]
BOX$F3$17225[1, 1, -1, 1, 1, 0, 0, 0, 1]
BOX$F3$17225[1, 1, -1, 1, 1, 0, 0, 1, -1]
BOX$F3$17225[1, 1, -1, 1, 1, 0, 0, 1, 0]
BOX$F3$17225[1, 1, -1, 1, 1, 0, 0, 1, 1]
BOX$F3$17225[1, 1, 0, -2, 1, 0, 0, 1, 1]
BOX$F3$17225[1, 1, 0, -1, 0, 0, 0, 1, 1]
BOX$F3$17225[1, 1, 0, -1, 1, -1, 0, 1, 1]
BOX$F3$17225[1, 1, 0, -1, 1, 0, -1, 1, 1]
BOX$F3$17225[1, 1, 0, -1, 1, 0, 0, 0, 1]
BOX$F3$17225[1, 1, 0, -1, 1, 0, 0, 1, 0]
BOX$F3$17225[1, 1, 0, -1, 1, 0, 0, 1, 1]
BOX$F3$17225[1, 1, 0, 0, -1, 0, 0, 1, 1]
BOX$F3$17225[1, 1, 0, 0, 0, -1, 0, 1, 1]
BOX$F3$17225[1, 1, 0, 0, 0, 0, -1, 1, 1]
BOX$F3$17225[1, 1, 0, 0, 0, 0, 0, 0, 1]
BOX$F3$17225[1, 1, 0, 0, 0, 0, 0, 1, 0]
BOX$F3$17225[1, 1, 0, 0, 0, 0, 0, 1, 1]
BOX$F3$17225[1, 1, 0, 0, 1, -2, 0, 1, 1]
BOX$F3$17225[1, 1, 0, 0, 1, -1, -1, 1, 1]
BOX$F3$17225[1, 1, 0, 0, 1, -1, 0, 0, 1]
BOX$F3$17225[1, 1, 0, 0, 1, -1, 0, 1, 0]
BOX$F3$17225[1, 1, 0, 0, 1, -1, 0, 1, 1]
BOX$F3$17225[1, 1, 0, 0, 1, 0, -2, 1, 1]
BOX$F3$17225[1, 1, 0, 0, 1, 0, -1, 0, 1]
BOX$F3$17225[1, 1, 0, 0, 1, 0, -1, 1, 0]
BOX$F3$17225[1, 1, 0, 0, 1, 0, -1, 1, 1]
BOX$F3$17225[1, 1, 0, 0, 1, 0, 0, -1, 1]
BOX$F3$17225[1, 1, 0, 0, 1, 0, 0, 0, 0]
BOX$F3$17225[1, 1, 0, 0, 1, 0, 0, 0, 1]
BOX$F3$17225[1, 1, 0, 0, 1, 0, 0, 1, -1]
BOX$F3$17225[1, 1, 0, 0, 1, 0, 0, 1, 0]
BOX$F3$17225[1, 1, 0, 0, 1, 0, 0, 1, 1]
BOX$F3$17225[1, 1, 0, 1, -1, 0, -1, 1, 1]
BOX$F3$17225[1, 1, 0, 1, -1, 0, 0, 0, 1]
BOX$F3$17225[1, 1, 0, 1, -1, 0, 0, 1, 0]
BOX$F3$17225[1, 1, 0, 1, -1, 0, 0, 1, 1]
BOX$F3$17225[1, 1, 0, 1, 0, -1, -1, 1, 1]
BOX$F3$17225[1, 1, 0, 1, 0, -1, 0, 0, 1]
BOX$F3$17225[1, 1, 0, 1, 0, -1, 0, 1, 0]
BOX$F3$17225[1, 1, 0, 1, 0, -1, 0, 1, 1]
BOX$F3$17225[1, 1, 0, 1, 0, 0, -2, 1, 1]
BOX$F3$17225[1, 1, 0, 1, 0, 0, -1, 0, 1]
BOX$F3$17225[1, 1, 0, 1, 0, 0, -1, 1, 0]
BOX$F3$17225[1, 1, 0, 1, 0, 0, -1, 1, 1]
BOX$F3$17225[1, 1, 0, 1, 0, 0, 0, -1, 1]
BOX$F3$17225[1, 1, 0, 1, 0, 0, 0, 0, 0]
BOX$F3$17225[1, 1, 0, 1, 0, 0, 0, 0, 1]
BOX$F3$17225[1, 1, 0, 1, 0, 0, 0, 1, -1]
BOX$F3$17225[1, 1, 0, 1, 0, 0, 0, 1, 0]
BOX$F3$17225[1, 1, 0, 1, 0, 0, 0, 1, 1]
BOX$F3$17225[1, 1, 0, 1, 1, -2, -1, 1, 1]
BOX$F3$17225[1, 1, 0, 1, 1, -2, 0, 0, 1]
BOX$F3$17225[1, 1, 0, 1, 1, -2, 0, 1, 0]
BOX$F3$17225[1, 1, 0, 1, 1, -2, 0, 1, 1]
BOX$F3$17225[1, 1, 0, 1, 1, -1, -2, 1, 1]
BOX$F3$17225[1, 1, 0, 1, 1, -1, -1, 0, 1]
BOX$F3$17225[1, 1, 0, 1, 1, -1, -1, 1, 0]
BOX$F3$17225[1, 1, 0, 1, 1, -1, -1, 1, 1]
BOX$F3$17225[1, 1, 0, 1, 1, -1, 0, 0, 1]
BOX$F3$17225[1, 1, 0, 1, 1, -1, 0, 1, 0]
BOX$F3$17225[1, 1, 0, 1, 1, -1, 0, 1, 1]
BOX$F3$17225[1, 1, 0, 1, 1, 0, -3, 1, 1]
BOX$F3$17225[1, 1, 0, 1, 1, 0, -2, 0, 1]
BOX$F3$17225[1, 1, 0, 1, 1, 0, -2, 1, 0]
BOX$F3$17225[1, 1, 0, 1, 1, 0, -2, 1, 1]
BOX$F3$17225[1, 1, 0, 1, 1, 0, -1, -1, 1]
BOX$F3$17225[1, 1, 0, 1, 1, 0, -1, 0, 0]
BOX$F3$17225[1, 1, 0, 1, 1, 0, -1, 0, 1]
BOX$F3$17225[1, 1, 0, 1, 1, 0, -1, 1, -1]
BOX$F3$17225[1, 1, 0, 1, 1, 0, -1, 1, 0]
BOX$F3$17225[1, 1, 0, 1, 1, 0, -1, 1, 1]
BOX$F3$17225[1, 1, 0, 1, 1, 0, 0, -1, 0]
BOX$F3$17225[1, 1, 0, 1, 1, 0, 0, -1, 1]
BOX$F3$17225[1, 1, 0, 1, 1, 0, 0, 0, -1]
BOX$F3$17225[1, 1, 0, 1, 1, 0, 0, 0, 0]
BOX$F3$17225[1, 1, 0, 1, 1, 0, 0, 0, 1]
BOX$F3$17225[1, 1, 0, 1, 1, 0, 0, 1, -2]
BOX$F3$17225[1, 1, 0, 1, 1, 0, 0, 1, -1]
BOX$F3$17225[1, 1, 0, 1, 1, 0, 0, 1, 0]
BOX$F3$17225[1, 1, 0, 1, 1, 0, 0, 1, 1]
BOX$F3$17225[1, -1, 0, 1, 1, -1, 0, 1, 1]
BOX$F3$17225[1, 0, 0, 1, 1, -1, 0, 1, 0]
BOX$F3$17225[1, 1, -1, 1, 1, 0, 0, -1, 1]
BOX$F3$17225[1, 1, 0, 1, 1, -1, 0, -1, 1]
BOX$F3$17225[1, 1, 0, 1, 1, -1, 0, 0, 0]
BOX$F3$17225[1, 1, 0, 1, 1, -1, 0, 1, -1]
BOX$F3$17225[0, 1, 0, 1, 1, 0, 0, 1, 2]
BOX$F3$17225[0, 1, 0, 2, 1, 0, 0, 1, 1]
BOX$F3$17225[0, 2, 0, 1, 1, 0, 0, 1, 1]
BOX$F3$17225[1, 0, 0, 1, 1, 0, 0, 1, 2]
BOX$F3$17225[1, 0, 0, 2, 1, 0, 0, 1, 1]
BOX$F3$17225[1, 1, -1, 1, 1, 0, 0, 1, 2]
BOX$F3$17225[1, 1, -1, 2, 1, 0, 0, 1, 1]
BOX$F3$17225[1, 1, 0, 0, 1, 0, 0, 1, 2]
BOX$F3$17225[1, 1, 0, 0, 1, 0, 0, 2, 1]
BOX$F3$17225[1, 1, 0, 0, 2, 0, 0, 1, 1]
BOX$F3$17225[1, 1, 0, 1, 0, 0, 0, 1, 2]
BOX$F3$17225[1, 1, 0, 1, 0, 0, 0, 2, 1]
BOX$F3$17225[1, 1, 0, 1, 1, -1, 0, 1, 2]
BOX$F3$17225[1, 1, 0, 1, 1, -1, 0, 2, 1]
BOX$F3$17225[1, 1, 0, 1, 1, 0, -1, 1, 2]
BOX$F3$17225[1, 1, 0, 1, 1, 0, -1, 2, 1]
BOX$F3$17225[1, 1, 0, 1, 1, 0, 0, 1, 2]
BOX$F3$17225[1, 1, 0, 1, 1, 0, 0, 2, 0]
BOX$F3$17225[1, 1, 0, 1, 1, 0, 0, 2, 1]
BOX$F3$17225[1, 1, 0, 1, 2, -1, 0, 1, 1]
BOX$F3$17225[1, 1, 0, 1, 2, 0, -1, 1, 1]
BOX$F3$17225[1, 1, 0, 1, 2, 0, 0, 0, 1]
BOX$F3$17225[1, 1, 0, 1, 2, 0, 0, 1, 0]
BOX$F3$17225[1, 1, 0, 1, 2, 0, 0, 1, 1]
BOX$F3$17225[1, 1, 0, 2, 1, 0, -1, 1, 1]
BOX$F3$17225[1, 1, 0, 2, 1, 0, 0, 0, 1]
BOX$F3$17225[1, 1, 0, 2, 1, 0, 0, 1, 0]
BOX$F3$17225[1, 1, 0, 2, 1, 0, 0, 1, 1]
BOX$F3$17225[1, 2, -1, 1, 1, 0, 0, 1, 1]
BOX$F3$17225[1, 2, 0, 0, 1, 0, 0, 1, 1]
BOX$F3$17225[1, 2, 0, 1, 0, 0, 0, 1, 1]
BOX$F3$17225[1, 2, 0, 1, 1, -1, 0, 1, 1]
BOX$F3$17225[1, 2, 0, 1, 1, 0, -1, 1, 1]
BOX$F3$17225[1, 2, 0, 1, 1, 0, 0, 1, 0]
BOX$F3$17225[1, 2, 0, 1, 1, 0, 0, 1, 1]
BOX$F3$17225[2, 0, 0, 1, 1, 0, 0, 1, 1]
BOX$F3$17225[2, 1, -1, 1, 1, 0, 0, 1, 1]
BOX$F3$17225[2, 1, 0, 0, 1, 0, 0, 1, 1]
BOX$F3$17225[2, 1, 0, 1, 1, 0, -1, 1, 1]
BOX$F3$17225[2, 1, 0, 1, 1, 0, 0, 0, 1]
BOX$F3$17225[2, 1, 0, 1, 1, 0, 0, 1, 0]
BOX$F3$17225[2, 1, 0, 1, 1, 0, 0, 1, 1]
BOX$F3$17225[1, 1, 0, 1, 1, 0, 0, 2, 2]
BOX$F3$17225[1, 1, 0, 1, 2, 0, 0, 1, 2]
BOX$F3$17225[1, 1, 0, 2, 1, 0, 0, 1, 2]
BOX$F3$17225[1, 1, 0, 2, 1, 0, 0, 2, 1]
BOX$F3$17225[1, 1, 0, 2, 2, 0, 0, 1, 1]
BOX$F3$17225[1, 2, 0, 1, 1, 0, 0, 2, 1]
BOX$F3$17225[1, 2, 0, 1, 2, 0, 0, 1, 1]
BOX$F3$17225[1, 2, 0, 2, 1, 0, 0, 1, 1]
BOX$F3$17225[2, 1, 0, 1, 1, 0, 0, 1, 2]
BOX$F3$17225[2, 1, 0, 1, 1, 0, 0, 2, 1]
BOX$F3$17225[2, 1, 0, 1, 2, 0, 0, 1, 1]
BOX$F3$17225[2, 2, 0, 1, 1, 0, 0, 1, 1]