BOX$C1$99[-1, 1, 1, 0, -1, 1, 1, 0, 1]
BOX$C1$99[-1, 1, 1, 0, 0, 1, 0, 0, 1]
BOX$C1$99[-1, 1, 1, 0, 0, 1, 1, 0, 0]
BOX$C1$99[-1, 1, 1, 0, 0, 1, 1, 0, 1]
BOX$C1$99[0, 0, 0, 0, 0, 1, 1, 0, 1]
BOX$C1$99[0, 0, 1, -1, 0, 1, 1, 0, 1]
BOX$C1$99[0, 0, 1, 0, -1, 1, 1, 0, 1]
BOX$C1$99[0, 0, 1, 0, 0, 0, 1, 0, 1]
BOX$C1$99[0, 0, 1, 0, 0, 1, 0, 0, 1]
BOX$C1$99[0, 0, 1, 0, 0, 1, 1, -1, 1]
BOX$C1$99[0, 0, 1, 0, 0, 1, 1, 0, 0]
BOX$C1$99[0, 0, 1, 0, 0, 1, 1, 0, 1]
BOX$C1$99[0, 1, 0, 0, -1, 1, 1, 0, 1]
BOX$C1$99[0, 1, 0, 0, 0, 1, 0, 0, 1]
BOX$C1$99[0, 1, 0, 0, 0, 1, 1, 0, 0]
BOX$C1$99[0, 1, 0, 0, 0, 1, 1, 0, 1]
BOX$C1$99[0, 1, 1, -1, -1, 1, 1, 0, 1]
BOX$C1$99[0, 1, 1, -1, 0, 1, 0, 0, 1]
BOX$C1$99[0, 1, 1, -1, 0, 1, 1, 0, 0]
BOX$C1$99[0, 1, 1, -1, 0, 1, 1, 0, 1]
BOX$C1$99[0, 1, 1, 0, -2, 1, 1, 0, 1]
BOX$C1$99[0, 1, 1, 0, -1, 0, 1, 0, 1]
BOX$C1$99[0, 1, 1, 0, -1, 1, 0, 0, 1]
BOX$C1$99[0, 1, 1, 0, -1, 1, 1, -1, 1]
BOX$C1$99[0, 1, 1, 0, -1, 1, 1, 0, 0]
BOX$C1$99[0, 1, 1, 0, -1, 1, 1, 0, 1]
BOX$C1$99[0, 1, 1, 0, 0, 0, 0, 0, 1]
BOX$C1$99[0, 1, 1, 0, 0, 0, 1, 0, 0]
BOX$C1$99[0, 1, 1, 0, 0, 0, 1, 0, 1]
BOX$C1$99[0, 1, 1, 0, 0, 1, -1, 0, 1]
BOX$C1$99[0, 1, 1, 0, 0, 1, 0, -1, 1]
BOX$C1$99[0, 1, 1, 0, 0, 1, 0, 0, 0]
BOX$C1$99[0, 1, 1, 0, 0, 1, 0, 0, 1]
BOX$C1$99[0, 1, 1, 0, 0, 1, 1, -1, 0]
BOX$C1$99[0, 1, 1, 0, 0, 1, 1, -1, 1]
BOX$C1$99[0, 1, 1, 0, 0, 1, 1, 0, -1]
BOX$C1$99[0, 1, 1, 0, 0, 1, 1, 0, 0]
BOX$C1$99[0, 1, 1, 0, 0, 1, 1, 0, 1]
BOX$C1$99[1, -1, 1, -1, 0, 1, 1, 0, 1]
BOX$C1$99[1, -1, 1, 0, 0, 0, 1, 0, 1]
BOX$C1$99[1, -1, 1, 0, 0, 1, 1, -1, 1]
BOX$C1$99[1, -1, 1, 0, 0, 1, 1, 0, 1]
BOX$C1$99[1, 0, 0, -1, 0, 1, 1, 0, 1]
BOX$C1$99[1, 0, 0, 0, 0, 0, 1, 0, 1]
BOX$C1$99[1, 0, 0, 0, 0, 1, 1, -1, 1]
BOX$C1$99[1, 0, 0, 0, 0, 1, 1, 0, 1]
BOX$C1$99[1, 0, 1, -2, 0, 1, 1, 0, 1]
BOX$C1$99[1, 0, 1, -1, -1, 1, 1, 0, 1]
BOX$C1$99[1, 0, 1, -1, 0, 0, 1, 0, 1]
BOX$C1$99[1, 0, 1, -1, 0, 1, 0, 0, 1]
BOX$C1$99[1, 0, 1, -1, 0, 1, 1, -1, 1]
BOX$C1$99[1, 0, 1, -1, 0, 1, 1, 0, 0]
BOX$C1$99[1, 0, 1, -1, 0, 1, 1, 0, 1]
BOX$C1$99[1, 0, 1, 0, -1, 0, 1, 0, 1]
BOX$C1$99[1, 0, 1, 0, -1, 1, 1, -1, 1]
BOX$C1$99[1, 0, 1, 0, -1, 1, 1, 0, 1]
BOX$C1$99[1, 0, 1, 0, 0, -1, 1, 0, 1]
BOX$C1$99[1, 0, 1, 0, 0, 0, 0, 0, 1]
BOX$C1$99[1, 0, 1, 0, 0, 0, 1, -1, 1]
BOX$C1$99[1, 0, 1, 0, 0, 0, 1, 0, 0]
BOX$C1$99[1, 0, 1, 0, 0, 0, 1, 0, 1]
BOX$C1$99[1, 0, 1, 0, 0, 1, 0, -1, 1]
BOX$C1$99[1, 0, 1, 0, 0, 1, 0, 0, 1]
BOX$C1$99[1, 0, 1, 0, 0, 1, 1, -2, 1]
BOX$C1$99[1, 0, 1, 0, 0, 1, 1, -1, 0]
BOX$C1$99[1, 0, 1, 0, 0, 1, 1, -1, 1]
BOX$C1$99[1, 0, 1, 0, 0, 1, 1, 0, 0]
BOX$C1$99[1, 0, 1, 0, 0, 1, 1, 0, 1]
BOX$C1$99[1, 1, -1, 0, 0, 1, 1, 0, 1]
BOX$C1$99[1, 1, 0, -1, -1, 1, 1, 0, 1]
BOX$C1$99[1, 1, 0, -1, 0, 1, 0, 0, 1]
BOX$C1$99[1, 1, 0, -1, 0, 1, 1, 0, 0]
BOX$C1$99[1, 1, 0, -1, 0, 1, 1, 0, 1]
BOX$C1$99[1, 1, 0, 0, -1, 0, 1, 0, 1]
BOX$C1$99[1, 1, 0, 0, -1, 1, 1, 0, 1]
BOX$C1$99[1, 1, 0, 0, 0, 0, 0, 0, 1]
BOX$C1$99[1, 1, 0, 0, 0, 0, 1, 0, 0]
BOX$C1$99[1, 1, 0, 0, 0, 0, 1, 0, 1]
BOX$C1$99[1, 1, 0, 0, 0, 1, 0, -1, 1]
BOX$C1$99[1, 1, 0, 0, 0, 1, 0, 0, 1]
BOX$C1$99[1, 1, 0, 0, 0, 1, 1, -1, 0]
BOX$C1$99[1, 1, 0, 0, 0, 1, 1, -1, 1]
BOX$C1$99[1, 1, 0, 0, 0, 1, 1, 0, 0]
BOX$C1$99[1, 1, 0, 0, 0, 1, 1, 0, 1]
BOX$C1$99[1, 1, 1, -2, 0, 1, 0, 0, 1]
BOX$C1$99[1, 1, 1, -2, 0, 1, 1, 0, 0]
BOX$C1$99[1, 1, 1, -2, 0, 1, 1, 0, 1]
BOX$C1$99[1, 1, 1, -1, -1, 0, 1, 0, 1]
BOX$C1$99[1, 1, 1, -1, -1, 1, 0, 0, 1]
BOX$C1$99[1, 1, 1, -1, -1, 1, 1, -1, 1]
BOX$C1$99[1, 1, 1, -1, -1, 1, 1, 0, 0]
BOX$C1$99[1, 1, 1, -1, -1, 1, 1, 0, 1]
BOX$C1$99[1, 1, 1, -1, 0, 0, 0, 0, 1]
BOX$C1$99[1, 1, 1, -1, 0, 0, 1, 0, 0]
BOX$C1$99[1, 1, 1, -1, 0, 0, 1, 0, 1]
BOX$C1$99[1, 1, 1, -1, 0, 1, -1, 0, 1]
BOX$C1$99[1, 1, 1, -1, 0, 1, 0, -1, 1]
BOX$C1$99[1, 1, 1, -1, 0, 1, 0, 0, 0]
BOX$C1$99[1, 1, 1, -1, 0, 1, 0, 0, 1]
BOX$C1$99[1, 1, 1, -1, 0, 1, 1, -1, 1]
BOX$C1$99[1, 1, 1, -1, 0, 1, 1, 0, 0]
BOX$C1$99[1, 1, 1, -1, 0, 1, 1, 0, 1]
BOX$C1$99[1, 1, 1, 0, -2, 0, 1, 0, 1]
BOX$C1$99[1, 1, 1, 0, -2, 1, 1, -1, 1]
BOX$C1$99[1, 1, 1, 0, -2, 1, 1, 0, 1]
BOX$C1$99[1, 1, 1, 0, -1, -1, 1, 0, 1]
BOX$C1$99[1, 1, 1, 0, -1, 0, 0, 0, 1]
BOX$C1$99[1, 1, 1, 0, -1, 0, 1, -1, 1]
BOX$C1$99[1, 1, 1, 0, -1, 0, 1, 0, 0]
BOX$C1$99[1, 1, 1, 0, -1, 0, 1, 0, 1]
BOX$C1$99[1, 1, 1, 0, -1, 1, 0, -1, 1]
BOX$C1$99[1, 1, 1, 0, -1, 1, 0, 0, 1]
BOX$C1$99[1, 1, 1, 0, -1, 1, 1, -1, 1]
BOX$C1$99[1, 1, 1, 0, -1, 1, 1, 0, 0]
BOX$C1$99[1, 1, 1, 0, -1, 1, 1, 0, 1]
BOX$C1$99[1, 1, 1, 0, 0, -1, 1, 0, 0]
BOX$C1$99[1, 1, 1, 0, 0, -1, 1, 0, 1]
BOX$C1$99[1, 1, 1, 0, 0, 0, 0, -1, 1]
BOX$C1$99[1, 1, 1, 0, 0, 0, 0, 0, 0]
BOX$C1$99[1, 1, 1, 0, 0, 0, 0, 0, 1]
BOX$C1$99[1, 1, 1, 0, 0, 0, 1, -1, 0]
BOX$C1$99[1, 1, 1, 0, 0, 0, 1, -1, 1]
BOX$C1$99[1, 1, 1, 0, 0, 0, 1, 0, -1]
BOX$C1$99[1, 1, 1, 0, 0, 0, 1, 0, 0]
BOX$C1$99[1, 1, 1, 0, 0, 0, 1, 0, 1]
BOX$C1$99[1, 1, 1, 0, 0, 1, -1, -1, 1]
BOX$C1$99[1, 1, 1, 0, 0, 1, -1, 0, 1]
BOX$C1$99[1, 1, 1, 0, 0, 1, 0, -2, 1]
BOX$C1$99[1, 1, 1, 0, 0, 1, 0, -1, 0]
BOX$C1$99[1, 1, 1, 0, 0, 1, 0, -1, 1]
BOX$C1$99[1, 1, 1, 0, 0, 1, 0, 0, 0]
BOX$C1$99[1, 1, 1, 0, 0, 1, 0, 0, 1]
BOX$C1$99[1, 1, 1, 0, 0, 1, 1, -2, 1]
BOX$C1$99[1, 1, 1, 0, 0, 1, 1, -1, 0]
BOX$C1$99[1, 1, 1, 0, 0, 1, 1, -1, 1]
BOX$C1$99[1, 1, 1, 0, 0, 1, 1, 0, -1]
BOX$C1$99[1, 1, 1, 0, 0, 1, 1, 0, 0]
BOX$C1$99[1, 1, 1, 0, 0, 1, 1, 0, 1]
BOX$C1$99[1, 1, 0, 0, -1, 1, 1, -1, 1]
BOX$C1$99[1, 1, 1, -1, 0, 1, 1, -1, 0]
BOX$C1$99[1, 1, 1, -1, 0, 1, 1, 0, -1]
BOX$C1$99[1, 1, 1, 0, -1, 1, 1, -2, 1]
BOX$C1$99[1, 1, 1, 0, -1, 1, 1, -1, 0]
BOX$C1$99[0, 1, 1, 0, 0, 2, 1, 0, 1]
BOX$C1$99[0, 1, 2, 0, 0, 1, 1, 0, 1]
BOX$C1$99[1, 0, 1, 0, 0, 1, 1, 0, 2]
BOX$C1$99[1, 0, 1, 0, 0, 1, 2, 0, 1]
BOX$C1$99[1, 0, 2, 0, 0, 1, 1, 0, 1]
BOX$C1$99[1, 1, 1, 0, 0, 1, 0, 0, 2]
BOX$C1$99[1, 1, 1, 0, 0, 1, 1, 0, 2]
BOX$C1$99[1, 1, 1, 0, 0, 1, 2, 0, 0]
BOX$C1$99[1, 1, 1, 0, 0, 1, 2, 0, 1]
BOX$C1$99[1, 1, 1, 0, 0, 2, 1, -1, 1]
BOX$C1$99[1, 1, 1, 0, 0, 2, 1, 0, 1]
BOX$C1$99[1, 1, 2, 0, 0, 0, 1, 0, 1]
BOX$C1$99[1, 1, 2, 0, 0, 1, 0, 0, 1]
BOX$C1$99[1, 1, 2, 0, 0, 1, 1, -1, 1]
BOX$C1$99[1, 1, 2, 0, 0, 1, 1, 0, 0]
BOX$C1$99[1, 1, 2, 0, 0, 1, 1, 0, 1]
BOX$C1$99[1, 2, 1, 0, 0, 1, 0, 0, 1]
BOX$C1$99[1, 2, 1, 0, 0, 1, 1, 0, 0]
BOX$C1$99[1, 2, 1, 0, 0, 1, 1, 0, 1]
BOX$C1$99[2, 1, 1, 0, 0, 0, 1, 0, 1]
BOX$C1$99[2, 1, 1, 0, 0, 1, 1, -1, 1]
BOX$C1$99[2, 1, 1, 0, 0, 1, 1, 0, 1]
BOX$C1$99[1, 1, 1, -1, 0, 2, 1, 0, 1]
BOX$C1$99[1, 1, 1, 0, -1, 1, 1, 0, 2]
BOX$C1$99[1, 1, 1, 0, -1, 1, 2, 0, 1]
BOX$C1$99[1, 1, 2, -1, 0, 1, 1, 0, 1]
BOX$C1$99[1, 1, 2, 0, -1, 1, 1, 0, 1]
BOX$C1$99[1, 2, 1, 0, -1, 1, 1, 0, 1]
BOX$C1$99[2, 1, 1, -1, 0, 1, 1, 0, 1]
BOX$C1$99[1, 1, 1, 0, 0, 2, 1, 0, 2]
BOX$C1$99[1, 1, 1, 0, 0, 2, 2, 0, 1]
BOX$C1$99[1, 1, 2, 0, 0, 1, 1, 0, 2]
BOX$C1$99[1, 1, 2, 0, 0, 1, 2, 0, 1]
BOX$C1$99[1, 1, 2, 0, 0, 2, 1, 0, 1]
BOX$C1$99[1, 2, 1, 0, 0, 2, 1, 0, 1]
BOX$C1$99[1, 2, 2, 0, 0, 1, 1, 0, 1]
BOX$C1$99[2, 1, 1, 0, 0, 1, 1, 0, 2]
BOX$C1$99[2, 1, 1, 0, 0, 1, 2, 0, 1]
BOX$C1$99[2, 1, 2, 0, 0, 1, 1, 0, 1]
BOX$C1$99[2, 2, 1, 0, 0, 1, 1, 0, 1]