BOX$F2$2380[-1, 1, 0, 1, 1, -1, 0, 1, 1]
BOX$F2$2380[-1, 1, 0, 1, 1, 0, -1, 1, 1]
BOX$F2$2380[-1, 1, 0, 1, 1, 0, 0, 0, 1]
BOX$F2$2380[-1, 1, 0, 1, 1, 0, 0, 1, 1]
BOX$F2$2380[0, 0, 0, 1, 0, 0, 0, 1, 1]
BOX$F2$2380[0, 0, 0, 1, 1, -1, 0, 1, 1]
BOX$F2$2380[0, 0, 0, 1, 1, 0, -1, 1, 1]
BOX$F2$2380[0, 0, 0, 1, 1, 0, 0, 0, 1]
BOX$F2$2380[0, 0, 0, 1, 1, 0, 0, 1, 1]
BOX$F2$2380[0, 1, -1, 1, 0, 0, 0, 1, 1]
BOX$F2$2380[0, 1, -1, 1, 1, -1, 0, 1, 1]
BOX$F2$2380[0, 1, -1, 1, 1, 0, -1, 1, 1]
BOX$F2$2380[0, 1, -1, 1, 1, 0, 0, 0, 1]
BOX$F2$2380[0, 1, -1, 1, 1, 0, 0, 1, 1]
BOX$F2$2380[0, 1, 0, 0, 0, 0, 0, 1, 1]
BOX$F2$2380[0, 1, 0, 0, 1, -1, 0, 1, 1]
BOX$F2$2380[0, 1, 0, 0, 1, 0, -1, 1, 1]
BOX$F2$2380[0, 1, 0, 0, 1, 0, 0, 0, 1]
BOX$F2$2380[0, 1, 0, 0, 1, 0, 0, 1, 1]
BOX$F2$2380[0, 1, 0, 1, 0, -1, 0, 1, 1]
BOX$F2$2380[0, 1, 0, 1, 0, 0, -1, 1, 1]
BOX$F2$2380[0, 1, 0, 1, 0, 0, 0, 0, 1]
BOX$F2$2380[0, 1, 0, 1, 0, 0, 0, 1, 0]
BOX$F2$2380[0, 1, 0, 1, 0, 0, 0, 1, 1]
BOX$F2$2380[0, 1, 0, 1, 1, -2, 0, 1, 1]
BOX$F2$2380[0, 1, 0, 1, 1, -1, -1, 1, 1]
BOX$F2$2380[0, 1, 0, 1, 1, -1, 0, 0, 1]
BOX$F2$2380[0, 1, 0, 1, 1, -1, 0, 1, 0]
BOX$F2$2380[0, 1, 0, 1, 1, -1, 0, 1, 1]
BOX$F2$2380[0, 1, 0, 1, 1, 0, -2, 1, 1]
BOX$F2$2380[0, 1, 0, 1, 1, 0, -1, 0, 1]
BOX$F2$2380[0, 1, 0, 1, 1, 0, -1, 1, 0]
BOX$F2$2380[0, 1, 0, 1, 1, 0, -1, 1, 1]
BOX$F2$2380[0, 1, 0, 1, 1, 0, 0, -1, 1]
BOX$F2$2380[0, 1, 0, 1, 1, 0, 0, 0, 0]
BOX$F2$2380[0, 1, 0, 1, 1, 0, 0, 0, 1]
BOX$F2$2380[0, 1, 0, 1, 1, 0, 0, 1, 0]
BOX$F2$2380[0, 1, 0, 1, 1, 0, 0, 1, 1]
BOX$F2$2380[1, -1, 0, 1, 0, 0, 0, 1, 1]
BOX$F2$2380[1, -1, 0, 1, 1, 0, -1, 1, 1]
BOX$F2$2380[1, -1, 0, 1, 1, 0, 0, 0, 1]
BOX$F2$2380[1, -1, 0, 1, 1, 0, 0, 1, 1]
BOX$F2$2380[1, 0, -1, 1, 0, 0, 0, 1, 1]
BOX$F2$2380[1, 0, -1, 1, 1, -1, 0, 1, 1]
BOX$F2$2380[1, 0, -1, 1, 1, 0, -1, 1, 1]
BOX$F2$2380[1, 0, -1, 1, 1, 0, 0, 0, 1]
BOX$F2$2380[1, 0, -1, 1, 1, 0, 0, 1, 1]
BOX$F2$2380[1, 0, 0, 0, 0, 0, 0, 1, 1]
BOX$F2$2380[1, 0, 0, 0, 1, -1, 0, 1, 1]
BOX$F2$2380[1, 0, 0, 0, 1, 0, -1, 1, 1]
BOX$F2$2380[1, 0, 0, 0, 1, 0, 0, 0, 1]
BOX$F2$2380[1, 0, 0, 0, 1, 0, 0, 1, 1]
BOX$F2$2380[1, 0, 0, 1, -1, 0, 0, 1, 1]
BOX$F2$2380[1, 0, 0, 1, 0, -1, 0, 1, 1]
BOX$F2$2380[1, 0, 0, 1, 0, 0, -1, 1, 1]
BOX$F2$2380[1, 0, 0, 1, 0, 0, 0, 0, 1]
BOX$F2$2380[1, 0, 0, 1, 0, 0, 0, 1, 0]
BOX$F2$2380[1, 0, 0, 1, 0, 0, 0, 1, 1]
BOX$F2$2380[1, 0, 0, 1, 1, -2, 0, 1, 1]
BOX$F2$2380[1, 0, 0, 1, 1, -1, -1, 1, 1]
BOX$F2$2380[1, 0, 0, 1, 1, -1, 0, 1, 1]
BOX$F2$2380[1, 0, 0, 1, 1, 0, -2, 1, 1]
BOX$F2$2380[1, 0, 0, 1, 1, 0, -1, 0, 1]
BOX$F2$2380[1, 0, 0, 1, 1, 0, -1, 1, 0]
BOX$F2$2380[1, 0, 0, 1, 1, 0, -1, 1, 1]
BOX$F2$2380[1, 0, 0, 1, 1, 0, 0, -1, 1]
BOX$F2$2380[1, 0, 0, 1, 1, 0, 0, 0, 0]
BOX$F2$2380[1, 0, 0, 1, 1, 0, 0, 0, 1]
BOX$F2$2380[1, 0, 0, 1, 1, 0, 0, 1, 0]
BOX$F2$2380[1, 0, 0, 1, 1, 0, 0, 1, 1]
BOX$F2$2380[1, 1, -2, 1, 0, 0, 0, 1, 1]
BOX$F2$2380[1, 1, -2, 1, 1, 0, 0, 1, 1]
BOX$F2$2380[1, 1, -1, 0, 0, 0, 0, 1, 1]
BOX$F2$2380[1, 1, -1, 0, 1, 0, 0, 1, 1]
BOX$F2$2380[1, 1, -1, 1, -1, 0, 0, 1, 1]
BOX$F2$2380[1, 1, -1, 1, 0, -1, 0, 1, 1]
BOX$F2$2380[1, 1, -1, 1, 0, 0, -1, 1, 1]
BOX$F2$2380[1, 1, -1, 1, 0, 0, 0, 0, 1]
BOX$F2$2380[1, 1, -1, 1, 0, 0, 0, 1, 0]
BOX$F2$2380[1, 1, -1, 1, 0, 0, 0, 1, 1]
BOX$F2$2380[1, 1, -1, 1, 1, -1, -1, 1, 1]
BOX$F2$2380[1, 1, -1, 1, 1, -1, 0, 0, 1]
BOX$F2$2380[1, 1, -1, 1, 1, -1, 0, 1, 1]
BOX$F2$2380[1, 1, -1, 1, 1, 0, -2, 1, 1]
BOX$F2$2380[1, 1, -1, 1, 1, 0, -1, 0, 1]
BOX$F2$2380[1, 1, -1, 1, 1, 0, -1, 1, 1]
BOX$F2$2380[1, 1, -1, 1, 1, 0, 0, 0, 1]
BOX$F2$2380[1, 1, -1, 1, 1, 0, 0, 1, 0]
BOX$F2$2380[1, 1, -1, 1, 1, 0, 0, 1, 1]
BOX$F2$2380[1, 1, 0, -1, 0, 0, 0, 1, 1]
BOX$F2$2380[1, 1, 0, -1, 1, 0, 0, 1, 1]
BOX$F2$2380[1, 1, 0, 0, -1, 0, 0, 1, 1]
BOX$F2$2380[1, 1, 0, 0, 0, -1, 0, 1, 1]
BOX$F2$2380[1, 1, 0, 0, 0, 0, -1, 1, 1]
BOX$F2$2380[1, 1, 0, 0, 0, 0, 0, 0, 1]
BOX$F2$2380[1, 1, 0, 0, 0, 0, 0, 1, 0]
BOX$F2$2380[1, 1, 0, 0, 0, 0, 0, 1, 1]
BOX$F2$2380[1, 1, 0, 0, 1, -2, 0, 1, 1]
BOX$F2$2380[1, 1, 0, 0, 1, -1, -1, 1, 1]
BOX$F2$2380[1, 1, 0, 0, 1, -1, 0, 0, 1]
BOX$F2$2380[1, 1, 0, 0, 1, -1, 0, 1, 1]
BOX$F2$2380[1, 1, 0, 0, 1, 0, -2, 1, 1]
BOX$F2$2380[1, 1, 0, 0, 1, 0, -1, 0, 1]
BOX$F2$2380[1, 1, 0, 0, 1, 0, -1, 1, 1]
BOX$F2$2380[1, 1, 0, 0, 1, 0, 0, -1, 1]
BOX$F2$2380[1, 1, 0, 0, 1, 0, 0, 0, 1]
BOX$F2$2380[1, 1, 0, 0, 1, 0, 0, 1, 0]
BOX$F2$2380[1, 1, 0, 0, 1, 0, 0, 1, 1]
BOX$F2$2380[1, 1, 0, 1, -1, 0, -1, 1, 1]
BOX$F2$2380[1, 1, 0, 1, -1, 0, 0, 0, 1]
BOX$F2$2380[1, 1, 0, 1, -1, 0, 0, 1, 0]
BOX$F2$2380[1, 1, 0, 1, -1, 0, 0, 1, 1]
BOX$F2$2380[1, 1, 0, 1, 0, -1, -1, 1, 1]
BOX$F2$2380[1, 1, 0, 1, 0, -1, 0, 0, 1]
BOX$F2$2380[1, 1, 0, 1, 0, -1, 0, 1, 0]
BOX$F2$2380[1, 1, 0, 1, 0, -1, 0, 1, 1]
BOX$F2$2380[1, 1, 0, 1, 0, 0, -2, 1, 1]
BOX$F2$2380[1, 1, 0, 1, 0, 0, -1, 0, 1]
BOX$F2$2380[1, 1, 0, 1, 0, 0, -1, 1, 0]
BOX$F2$2380[1, 1, 0, 1, 0, 0, -1, 1, 1]
BOX$F2$2380[1, 1, 0, 1, 0, 0, 0, -1, 1]
BOX$F2$2380[1, 1, 0, 1, 0, 0, 0, 0, 0]
BOX$F2$2380[1, 1, 0, 1, 0, 0, 0, 0, 1]
BOX$F2$2380[1, 1, 0, 1, 0, 0, 0, 1, -1]
BOX$F2$2380[1, 1, 0, 1, 0, 0, 0, 1, 0]
BOX$F2$2380[1, 1, 0, 1, 0, 0, 0, 1, 1]
BOX$F2$2380[1, 1, 0, 1, 1, -2, -1, 1, 1]
BOX$F2$2380[1, 1, 0, 1, 1, -2, 0, 0, 1]
BOX$F2$2380[1, 1, 0, 1, 1, -2, 0, 1, 0]
BOX$F2$2380[1, 1, 0, 1, 1, -2, 0, 1, 1]
BOX$F2$2380[1, 1, 0, 1, 1, -1, -2, 1, 1]
BOX$F2$2380[1, 1, 0, 1, 1, -1, -1, 0, 1]
BOX$F2$2380[1, 1, 0, 1, 1, -1, -1, 1, 0]
BOX$F2$2380[1, 1, 0, 1, 1, -1, -1, 1, 1]
BOX$F2$2380[1, 1, 0, 1, 1, -1, 0, 0, 1]
BOX$F2$2380[1, 1, 0, 1, 1, -1, 0, 1, 0]
BOX$F2$2380[1, 1, 0, 1, 1, -1, 0, 1, 1]
BOX$F2$2380[1, 1, 0, 1, 1, 0, -3, 1, 1]
BOX$F2$2380[1, 1, 0, 1, 1, 0, -2, 0, 1]
BOX$F2$2380[1, 1, 0, 1, 1, 0, -2, 1, 0]
BOX$F2$2380[1, 1, 0, 1, 1, 0, -2, 1, 1]
BOX$F2$2380[1, 1, 0, 1, 1, 0, -1, -1, 1]
BOX$F2$2380[1, 1, 0, 1, 1, 0, -1, 0, 0]
BOX$F2$2380[1, 1, 0, 1, 1, 0, -1, 0, 1]
BOX$F2$2380[1, 1, 0, 1, 1, 0, -1, 1, 0]
BOX$F2$2380[1, 1, 0, 1, 1, 0, -1, 1, 1]
BOX$F2$2380[1, 1, 0, 1, 1, 0, 0, -1, 1]
BOX$F2$2380[1, 1, 0, 1, 1, 0, 0, 0, 0]
BOX$F2$2380[1, 1, 0, 1, 1, 0, 0, 0, 1]
BOX$F2$2380[1, 1, 0, 1, 1, 0, 0, 1, -1]
BOX$F2$2380[1, 1, 0, 1, 1, 0, 0, 1, 0]
BOX$F2$2380[1, 1, 0, 1, 1, 0, 0, 1, 1]
BOX$F2$2380[1, -1, 0, 1, 1, -1, 0, 1, 1]
BOX$F2$2380[1, 0, 0, 1, 1, -1, 0, 0, 1]
BOX$F2$2380[1, 0, 0, 1, 1, -1, 0, 1, 0]
BOX$F2$2380[1, 1, -1, 1, 1, 0, 0, -1, 1]
BOX$F2$2380[1, 1, 0, 1, 1, -1, 0, -1, 1]
BOX$F2$2380[1, 1, 0, 1, 1, -1, 0, 0, 0]
BOX$F2$2380[0, 1, 0, 2, 1, 0, 0, 1, 1]
BOX$F2$2380[1, 0, 0, 1, 1, 0, 0, 1, 2]
BOX$F2$2380[1, 0, 0, 2, 1, 0, 0, 1, 1]
BOX$F2$2380[1, 1, 0, 0, 1, 0, 0, 1, 2]
BOX$F2$2380[1, 1, 0, 1, 0, 0, 0, 2, 1]
BOX$F2$2380[1, 1, 0, 1, 1, 0, -1, 1, 2]
BOX$F2$2380[1, 1, 0, 1, 1, 0, 0, 1, 2]
BOX$F2$2380[1, 1, 0, 1, 1, 0, 0, 2, 1]
BOX$F2$2380[1, 1, 0, 1, 2, 0, 0, 1, 1]
BOX$F2$2380[1, 1, 0, 2, 1, 0, -1, 1, 1]
BOX$F2$2380[1, 1, 0, 2, 1, 0, 0, 0, 1]
BOX$F2$2380[1, 1, 0, 2, 1, 0, 0, 1, 0]
BOX$F2$2380[1, 1, 0, 2, 1, 0, 0, 1, 1]
BOX$F2$2380[1, 2, 0, 0, 1, 0, 0, 1, 1]
BOX$F2$2380[1, 2, 0, 1, 1, 0, -1, 1, 1]
BOX$F2$2380[1, 2, 0, 1, 1, 0, 0, 1, 0]
BOX$F2$2380[1, 2, 0, 1, 1, 0, 0, 1, 1]
BOX$F2$2380[2, 0, 0, 1, 1, 0, 0, 1, 1]
BOX$F2$2380[2, 1, 0, 0, 1, 0, 0, 1, 1]
BOX$F2$2380[2, 1, 0, 1, 1, 0, -1, 1, 1]
BOX$F2$2380[2, 1, 0, 1, 1, 0, 0, 0, 1]
BOX$F2$2380[2, 1, 0, 1, 1, 0, 0, 1, 0]
BOX$F2$2380[2, 1, 0, 1, 1, 0, 0, 1, 1]
BOX$F2$2380[0, 1, 0, 1, 1, 0, 0, 1, 2]
BOX$F2$2380[0, 2, 0, 1, 1, 0, 0, 1, 1]
BOX$F2$2380[1, 1, -1, 1, 1, 0, 0, 1, 2]
BOX$F2$2380[1, 1, -1, 2, 1, 0, 0, 1, 1]
BOX$F2$2380[1, 1, 0, 1, 0, 0, 0, 1, 2]
BOX$F2$2380[1, 1, 0, 1, 1, -1, 0, 1, 2]
BOX$F2$2380[1, 2, -1, 1, 1, 0, 0, 1, 1]
BOX$F2$2380[1, 2, 0, 1, 0, 0, 0, 1, 1]
BOX$F2$2380[1, 2, 0, 1, 1, -1, 0, 1, 1]
BOX$F2$2380[2, 1, -1, 1, 1, 0, 0, 1, 1]
BOX$F2$2380[1, 1, 0, 1, 1, 0, 0, 2, 2]
BOX$F2$2380[1, 1, 0, 1, 2, 0, 0, 1, 2]
BOX$F2$2380[1, 1, 0, 2, 1, 0, 0, 1, 2]
BOX$F2$2380[1, 1, 0, 2, 1, 0, 0, 2, 1]
BOX$F2$2380[1, 1, 0, 2, 2, 0, 0, 1, 1]
BOX$F2$2380[1, 2, 0, 1, 1, 0, 0, 2, 1]
BOX$F2$2380[1, 2, 0, 1, 2, 0, 0, 1, 1]
BOX$F2$2380[1, 2, 0, 2, 1, 0, 0, 1, 1]
BOX$F2$2380[2, 1, 0, 1, 1, 0, 0, 1, 2]
BOX$F2$2380[2, 1, 0, 1, 1, 0, 0, 2, 1]
BOX$F2$2380[2, 1, 0, 1, 2, 0, 0, 1, 1]
BOX$F2$2380[2, 2, 0, 1, 1, 0, 0, 1, 1]