BOX$F1$139[-1, 1, 0, 0, 1, 0, 0, 1, 1]
BOX$F1$139[-1, 1, 0, 1, 1, -1, 0, 1, 1]
BOX$F1$139[-1, 1, 0, 1, 1, 0, -1, 1, 1]
BOX$F1$139[-1, 1, 0, 1, 1, 0, 0, 0, 1]
BOX$F1$139[-1, 1, 0, 1, 1, 0, 0, 1, 0]
BOX$F1$139[-1, 1, 0, 1, 1, 0, 0, 1, 1]
BOX$F1$139[0, 0, 0, 0, 1, 0, 0, 1, 1]
BOX$F1$139[0, 0, 0, 1, 0, 0, 0, 1, 1]
BOX$F1$139[0, 0, 0, 1, 1, -1, 0, 1, 1]
BOX$F1$139[0, 0, 0, 1, 1, 0, -1, 1, 1]
BOX$F1$139[0, 0, 0, 1, 1, 0, 0, 0, 1]
BOX$F1$139[0, 0, 0, 1, 1, 0, 0, 1, 0]
BOX$F1$139[0, 0, 0, 1, 1, 0, 0, 1, 1]
BOX$F1$139[0, 1, -1, 0, 1, 0, 0, 1, 1]
BOX$F1$139[0, 1, -1, 1, 0, 0, 0, 1, 1]
BOX$F1$139[0, 1, -1, 1, 1, -1, 0, 1, 1]
BOX$F1$139[0, 1, -1, 1, 1, 0, -1, 1, 1]
BOX$F1$139[0, 1, -1, 1, 1, 0, 0, 0, 1]
BOX$F1$139[0, 1, -1, 1, 1, 0, 0, 1, 0]
BOX$F1$139[0, 1, -1, 1, 1, 0, 0, 1, 1]
BOX$F1$139[0, 1, 0, -1, 1, 0, 0, 1, 1]
BOX$F1$139[0, 1, 0, 0, 0, 0, 0, 1, 1]
BOX$F1$139[0, 1, 0, 0, 1, -1, 0, 1, 1]
BOX$F1$139[0, 1, 0, 0, 1, 0, -1, 1, 1]
BOX$F1$139[0, 1, 0, 0, 1, 0, 0, 0, 1]
BOX$F1$139[0, 1, 0, 0, 1, 0, 0, 1, 0]
BOX$F1$139[0, 1, 0, 0, 1, 0, 0, 1, 1]
BOX$F1$139[0, 1, 0, 1, 0, -1, 0, 1, 1]
BOX$F1$139[0, 1, 0, 1, 0, 0, -1, 1, 1]
BOX$F1$139[0, 1, 0, 1, 0, 0, 0, 0, 1]
BOX$F1$139[0, 1, 0, 1, 0, 0, 0, 1, 0]
BOX$F1$139[0, 1, 0, 1, 0, 0, 0, 1, 1]
BOX$F1$139[0, 1, 0, 1, 1, -2, 0, 1, 1]
BOX$F1$139[0, 1, 0, 1, 1, -1, -1, 1, 1]
BOX$F1$139[0, 1, 0, 1, 1, -1, 0, 0, 1]
BOX$F1$139[0, 1, 0, 1, 1, -1, 0, 1, 0]
BOX$F1$139[0, 1, 0, 1, 1, -1, 0, 1, 1]
BOX$F1$139[0, 1, 0, 1, 1, 0, -2, 1, 1]
BOX$F1$139[0, 1, 0, 1, 1, 0, -1, 0, 1]
BOX$F1$139[0, 1, 0, 1, 1, 0, -1, 1, 0]
BOX$F1$139[0, 1, 0, 1, 1, 0, -1, 1, 1]
BOX$F1$139[0, 1, 0, 1, 1, 0, 0, -1, 1]
BOX$F1$139[0, 1, 0, 1, 1, 0, 0, 0, 0]
BOX$F1$139[0, 1, 0, 1, 1, 0, 0, 0, 1]
BOX$F1$139[0, 1, 0, 1, 1, 0, 0, 1, -1]
BOX$F1$139[0, 1, 0, 1, 1, 0, 0, 1, 0]
BOX$F1$139[0, 1, 0, 1, 1, 0, 0, 1, 1]
BOX$F1$139[1, -1, 0, 0, 1, 0, 0, 1, 1]
BOX$F1$139[1, -1, 0, 1, 0, 0, 0, 1, 1]
BOX$F1$139[1, -1, 0, 1, 1, 0, -1, 1, 1]
BOX$F1$139[1, -1, 0, 1, 1, 0, 0, 0, 1]
BOX$F1$139[1, -1, 0, 1, 1, 0, 0, 1, 0]
BOX$F1$139[1, -1, 0, 1, 1, 0, 0, 1, 1]
BOX$F1$139[1, 0, -1, 0, 1, 0, 0, 1, 1]
BOX$F1$139[1, 0, -1, 1, 0, 0, 0, 1, 1]
BOX$F1$139[1, 0, -1, 1, 1, -1, 0, 1, 1]
BOX$F1$139[1, 0, -1, 1, 1, 0, -1, 1, 1]
BOX$F1$139[1, 0, -1, 1, 1, 0, 0, 0, 1]
BOX$F1$139[1, 0, -1, 1, 1, 0, 0, 1, 0]
BOX$F1$139[1, 0, -1, 1, 1, 0, 0, 1, 1]
BOX$F1$139[1, 0, 0, -1, 1, 0, 0, 1, 1]
BOX$F1$139[1, 0, 0, 0, 0, 0, 0, 1, 1]
BOX$F1$139[1, 0, 0, 0, 1, -1, 0, 1, 1]
BOX$F1$139[1, 0, 0, 0, 1, 0, -1, 1, 1]
BOX$F1$139[1, 0, 0, 0, 1, 0, 0, 0, 1]
BOX$F1$139[1, 0, 0, 0, 1, 0, 0, 1, 0]
BOX$F1$139[1, 0, 0, 0, 1, 0, 0, 1, 1]
BOX$F1$139[1, 0, 0, 1, -1, 0, 0, 1, 1]
BOX$F1$139[1, 0, 0, 1, 0, -1, 0, 1, 1]
BOX$F1$139[1, 0, 0, 1, 0, 0, -1, 1, 1]
BOX$F1$139[1, 0, 0, 1, 0, 0, 0, 0, 1]
BOX$F1$139[1, 0, 0, 1, 0, 0, 0, 1, 0]
BOX$F1$139[1, 0, 0, 1, 0, 0, 0, 1, 1]
BOX$F1$139[1, 0, 0, 1, 1, -2, 0, 1, 1]
BOX$F1$139[1, 0, 0, 1, 1, -1, -1, 1, 1]
BOX$F1$139[1, 0, 0, 1, 1, -1, 0, 1, 1]
BOX$F1$139[1, 0, 0, 1, 1, 0, -2, 1, 1]
BOX$F1$139[1, 0, 0, 1, 1, 0, -1, 0, 1]
BOX$F1$139[1, 0, 0, 1, 1, 0, -1, 1, 0]
BOX$F1$139[1, 0, 0, 1, 1, 0, -1, 1, 1]
BOX$F1$139[1, 0, 0, 1, 1, 0, 0, -1, 1]
BOX$F1$139[1, 0, 0, 1, 1, 0, 0, 0, 0]
BOX$F1$139[1, 0, 0, 1, 1, 0, 0, 0, 1]
BOX$F1$139[1, 0, 0, 1, 1, 0, 0, 1, -1]
BOX$F1$139[1, 0, 0, 1, 1, 0, 0, 1, 0]
BOX$F1$139[1, 0, 0, 1, 1, 0, 0, 1, 1]
BOX$F1$139[1, 1, -2, 0, 1, 0, 0, 1, 1]
BOX$F1$139[1, 1, -2, 1, 0, 0, 0, 1, 1]
BOX$F1$139[1, 1, -2, 1, 1, 0, -1, 1, 1]
BOX$F1$139[1, 1, -2, 1, 1, 0, 0, 0, 1]
BOX$F1$139[1, 1, -2, 1, 1, 0, 0, 1, 0]
BOX$F1$139[1, 1, -2, 1, 1, 0, 0, 1, 1]
BOX$F1$139[1, 1, -1, -1, 1, 0, 0, 1, 1]
BOX$F1$139[1, 1, -1, 0, 0, 0, 0, 1, 1]
BOX$F1$139[1, 1, -1, 0, 1, -1, 0, 1, 1]
BOX$F1$139[1, 1, -1, 0, 1, 0, -1, 1, 1]
BOX$F1$139[1, 1, -1, 0, 1, 0, 0, 0, 1]
BOX$F1$139[1, 1, -1, 0, 1, 0, 0, 1, 0]
BOX$F1$139[1, 1, -1, 0, 1, 0, 0, 1, 1]
BOX$F1$139[1, 1, -1, 1, -1, 0, 0, 1, 1]
BOX$F1$139[1, 1, -1, 1, 0, -1, 0, 1, 1]
BOX$F1$139[1, 1, -1, 1, 0, 0, -1, 1, 1]
BOX$F1$139[1, 1, -1, 1, 0, 0, 0, 0, 1]
BOX$F1$139[1, 1, -1, 1, 0, 0, 0, 1, 0]
BOX$F1$139[1, 1, -1, 1, 0, 0, 0, 1, 1]
BOX$F1$139[1, 1, -1, 1, 1, -1, -1, 1, 1]
BOX$F1$139[1, 1, -1, 1, 1, -1, 0, 0, 1]
BOX$F1$139[1, 1, -1, 1, 1, -1, 0, 1, 0]
BOX$F1$139[1, 1, -1, 1, 1, -1, 0, 1, 1]
BOX$F1$139[1, 1, -1, 1, 1, 0, -2, 1, 1]
BOX$F1$139[1, 1, -1, 1, 1, 0, -1, 0, 1]
BOX$F1$139[1, 1, -1, 1, 1, 0, -1, 1, 0]
BOX$F1$139[1, 1, -1, 1, 1, 0, -1, 1, 1]
BOX$F1$139[1, 1, -1, 1, 1, 0, 0, 0, 0]
BOX$F1$139[1, 1, -1, 1, 1, 0, 0, 0, 1]
BOX$F1$139[1, 1, -1, 1, 1, 0, 0, 1, -1]
BOX$F1$139[1, 1, -1, 1, 1, 0, 0, 1, 0]
BOX$F1$139[1, 1, -1, 1, 1, 0, 0, 1, 1]
BOX$F1$139[1, 1, 0, -2, 1, 0, 0, 1, 1]
BOX$F1$139[1, 1, 0, -1, 0, 0, 0, 1, 1]
BOX$F1$139[1, 1, 0, -1, 1, -1, 0, 1, 1]
BOX$F1$139[1, 1, 0, -1, 1, 0, -1, 1, 1]
BOX$F1$139[1, 1, 0, -1, 1, 0, 0, 0, 1]
BOX$F1$139[1, 1, 0, -1, 1, 0, 0, 1, 0]
BOX$F1$139[1, 1, 0, -1, 1, 0, 0, 1, 1]
BOX$F1$139[1, 1, 0, 0, -1, 0, 0, 1, 1]
BOX$F1$139[1, 1, 0, 0, 0, -1, 0, 1, 1]
BOX$F1$139[1, 1, 0, 0, 0, 0, -1, 1, 1]
BOX$F1$139[1, 1, 0, 0, 0, 0, 0, 0, 1]
BOX$F1$139[1, 1, 0, 0, 0, 0, 0, 1, 0]
BOX$F1$139[1, 1, 0, 0, 0, 0, 0, 1, 1]
BOX$F1$139[1, 1, 0, 0, 1, -2, 0, 1, 1]
BOX$F1$139[1, 1, 0, 0, 1, -1, -1, 1, 1]
BOX$F1$139[1, 1, 0, 0, 1, -1, 0, 0, 1]
BOX$F1$139[1, 1, 0, 0, 1, -1, 0, 1, 0]
BOX$F1$139[1, 1, 0, 0, 1, -1, 0, 1, 1]
BOX$F1$139[1, 1, 0, 0, 1, 0, -2, 1, 1]
BOX$F1$139[1, 1, 0, 0, 1, 0, -1, 0, 1]
BOX$F1$139[1, 1, 0, 0, 1, 0, -1, 1, 0]
BOX$F1$139[1, 1, 0, 0, 1, 0, -1, 1, 1]
BOX$F1$139[1, 1, 0, 0, 1, 0, 0, -1, 1]
BOX$F1$139[1, 1, 0, 0, 1, 0, 0, 0, 0]
BOX$F1$139[1, 1, 0, 0, 1, 0, 0, 0, 1]
BOX$F1$139[1, 1, 0, 0, 1, 0, 0, 1, -1]
BOX$F1$139[1, 1, 0, 0, 1, 0, 0, 1, 0]
BOX$F1$139[1, 1, 0, 0, 1, 0, 0, 1, 1]
BOX$F1$139[1, 1, 0, 1, -1, 0, -1, 1, 1]
BOX$F1$139[1, 1, 0, 1, -1, 0, 0, 0, 1]
BOX$F1$139[1, 1, 0, 1, -1, 0, 0, 1, 0]
BOX$F1$139[1, 1, 0, 1, -1, 0, 0, 1, 1]
BOX$F1$139[1, 1, 0, 1, 0, -1, -1, 1, 1]
BOX$F1$139[1, 1, 0, 1, 0, -1, 0, 0, 1]
BOX$F1$139[1, 1, 0, 1, 0, -1, 0, 1, 0]
BOX$F1$139[1, 1, 0, 1, 0, -1, 0, 1, 1]
BOX$F1$139[1, 1, 0, 1, 0, 0, -2, 1, 1]
BOX$F1$139[1, 1, 0, 1, 0, 0, -1, 0, 1]
BOX$F1$139[1, 1, 0, 1, 0, 0, -1, 1, 0]
BOX$F1$139[1, 1, 0, 1, 0, 0, -1, 1, 1]
BOX$F1$139[1, 1, 0, 1, 0, 0, 0, -1, 1]
BOX$F1$139[1, 1, 0, 1, 0, 0, 0, 0, 0]
BOX$F1$139[1, 1, 0, 1, 0, 0, 0, 0, 1]
BOX$F1$139[1, 1, 0, 1, 0, 0, 0, 1, -1]
BOX$F1$139[1, 1, 0, 1, 0, 0, 0, 1, 0]
BOX$F1$139[1, 1, 0, 1, 0, 0, 0, 1, 1]
BOX$F1$139[1, 1, 0, 1, 1, -2, -1, 1, 1]
BOX$F1$139[1, 1, 0, 1, 1, -2, 0, 0, 1]
BOX$F1$139[1, 1, 0, 1, 1, -2, 0, 1, 0]
BOX$F1$139[1, 1, 0, 1, 1, -2, 0, 1, 1]
BOX$F1$139[1, 1, 0, 1, 1, -1, -2, 1, 1]
BOX$F1$139[1, 1, 0, 1, 1, -1, -1, 0, 1]
BOX$F1$139[1, 1, 0, 1, 1, -1, -1, 1, 0]
BOX$F1$139[1, 1, 0, 1, 1, -1, -1, 1, 1]
BOX$F1$139[1, 1, 0, 1, 1, -1, 0, 0, 1]
BOX$F1$139[1, 1, 0, 1, 1, -1, 0, 1, 0]
BOX$F1$139[1, 1, 0, 1, 1, -1, 0, 1, 1]
BOX$F1$139[1, 1, 0, 1, 1, 0, -3, 1, 1]
BOX$F1$139[1, 1, 0, 1, 1, 0, -2, 0, 1]
BOX$F1$139[1, 1, 0, 1, 1, 0, -2, 1, 0]
BOX$F1$139[1, 1, 0, 1, 1, 0, -2, 1, 1]
BOX$F1$139[1, 1, 0, 1, 1, 0, -1, -1, 1]
BOX$F1$139[1, 1, 0, 1, 1, 0, -1, 0, 0]
BOX$F1$139[1, 1, 0, 1, 1, 0, -1, 0, 1]
BOX$F1$139[1, 1, 0, 1, 1, 0, -1, 1, -1]
BOX$F1$139[1, 1, 0, 1, 1, 0, -1, 1, 0]
BOX$F1$139[1, 1, 0, 1, 1, 0, -1, 1, 1]
BOX$F1$139[1, 1, 0, 1, 1, 0, 0, -1, 0]
BOX$F1$139[1, 1, 0, 1, 1, 0, 0, -1, 1]
BOX$F1$139[1, 1, 0, 1, 1, 0, 0, 0, -1]
BOX$F1$139[1, 1, 0, 1, 1, 0, 0, 0, 0]
BOX$F1$139[1, 1, 0, 1, 1, 0, 0, 0, 1]
BOX$F1$139[1, 1, 0, 1, 1, 0, 0, 1, -2]
BOX$F1$139[1, 1, 0, 1, 1, 0, 0, 1, -1]
BOX$F1$139[1, 1, 0, 1, 1, 0, 0, 1, 0]
BOX$F1$139[1, 1, 0, 1, 1, 0, 0, 1, 1]
BOX$F1$139[1, -1, 0, 1, 1, -1, 0, 1, 1]
BOX$F1$139[1, 0, 0, 1, 1, -1, 0, 1, 0]
BOX$F1$139[1, 1, -1, 1, 1, 0, 0, -1, 1]
BOX$F1$139[1, 1, 0, 1, 1, -1, 0, -1, 1]
BOX$F1$139[1, 1, 0, 1, 1, -1, 0, 0, 0]
BOX$F1$139[1, 1, 0, 1, 1, -1, 0, 1, -1]
BOX$F1$139[0, 1, 0, 1, 1, 0, 0, 1, 2]
BOX$F1$139[0, 1, 0, 2, 1, 0, 0, 1, 1]
BOX$F1$139[0, 2, 0, 1, 1, 0, 0, 1, 1]
BOX$F1$139[1, 0, 0, 1, 1, 0, 0, 1, 2]
BOX$F1$139[1, 0, 0, 2, 1, 0, 0, 1, 1]
BOX$F1$139[1, 1, 0, 0, 1, 0, 0, 1, 2]
BOX$F1$139[1, 1, 0, 0, 1, 0, 0, 2, 1]
BOX$F1$139[1, 1, 0, 0, 2, 0, 0, 1, 1]
BOX$F1$139[1, 1, 0, 1, 0, 0, 0, 1, 2]
BOX$F1$139[1, 1, 0, 1, 0, 0, 0, 2, 1]
BOX$F1$139[1, 1, 0, 1, 1, 0, -1, 1, 2]
BOX$F1$139[1, 1, 0, 1, 1, 0, -1, 2, 1]
BOX$F1$139[1, 1, 0, 1, 1, 0, 0, 1, 2]
BOX$F1$139[1, 1, 0, 1, 1, 0, 0, 2, 0]
BOX$F1$139[1, 1, 0, 1, 1, 0, 0, 2, 1]
BOX$F1$139[1, 1, 0, 1, 2, 0, -1, 1, 1]
BOX$F1$139[1, 1, 0, 1, 2, 0, 0, 0, 1]
BOX$F1$139[1, 1, 0, 1, 2, 0, 0, 1, 0]
BOX$F1$139[1, 1, 0, 1, 2, 0, 0, 1, 1]
BOX$F1$139[1, 1, 0, 2, 1, 0, -1, 1, 1]
BOX$F1$139[1, 1, 0, 2, 1, 0, 0, 0, 1]
BOX$F1$139[1, 1, 0, 2, 1, 0, 0, 1, 0]
BOX$F1$139[1, 1, 0, 2, 1, 0, 0, 1, 1]
BOX$F1$139[1, 2, 0, 0, 1, 0, 0, 1, 1]
BOX$F1$139[1, 2, 0, 1, 0, 0, 0, 1, 1]
BOX$F1$139[1, 2, 0, 1, 1, 0, -1, 1, 1]
BOX$F1$139[1, 2, 0, 1, 1, 0, 0, 1, 0]
BOX$F1$139[1, 2, 0, 1, 1, 0, 0, 1, 1]
BOX$F1$139[2, 0, 0, 1, 1, 0, 0, 1, 1]
BOX$F1$139[2, 1, 0, 0, 1, 0, 0, 1, 1]
BOX$F1$139[2, 1, 0, 1, 1, 0, -1, 1, 1]
BOX$F1$139[2, 1, 0, 1, 1, 0, 0, 0, 1]
BOX$F1$139[2, 1, 0, 1, 1, 0, 0, 1, 0]
BOX$F1$139[2, 1, 0, 1, 1, 0, 0, 1, 1]
BOX$F1$139[1, 1, -1, 1, 1, 0, 0, 1, 2]
BOX$F1$139[1, 1, -1, 2, 1, 0, 0, 1, 1]
BOX$F1$139[1, 1, 0, 1, 1, -1, 0, 1, 2]
BOX$F1$139[1, 1, 0, 1, 1, -1, 0, 2, 1]
BOX$F1$139[1, 1, 0, 1, 2, -1, 0, 1, 1]
BOX$F1$139[1, 2, -1, 1, 1, 0, 0, 1, 1]
BOX$F1$139[1, 2, 0, 1, 1, -1, 0, 1, 1]
BOX$F1$139[2, 1, -1, 1, 1, 0, 0, 1, 1]
BOX$F1$139[1, 1, 0, 1, 1, 0, 0, 2, 2]
BOX$F1$139[1, 1, 0, 1, 2, 0, 0, 1, 2]
BOX$F1$139[1, 1, 0, 2, 1, 0, 0, 1, 2]
BOX$F1$139[1, 1, 0, 2, 1, 0, 0, 2, 1]
BOX$F1$139[1, 1, 0, 2, 2, 0, 0, 1, 1]
BOX$F1$139[1, 2, 0, 1, 1, 0, 0, 2, 1]
BOX$F1$139[1, 2, 0, 1, 2, 0, 0, 1, 1]
BOX$F1$139[1, 2, 0, 2, 1, 0, 0, 1, 1]
BOX$F1$139[2, 1, 0, 1, 1, 0, 0, 1, 2]
BOX$F1$139[2, 1, 0, 1, 1, 0, 0, 2, 1]
BOX$F1$139[2, 1, 0, 1, 2, 0, 0, 1, 1]
BOX$F1$139[2, 2, 0, 1, 1, 0, 0, 1, 1]