BOX$D2$3411[-1, 0, 0, 1, 0, 1, 1, 1, 1]
BOX$D2$3411[-1, 0, 1, 1, -1, 1, 0, 1, 1]
BOX$D2$3411[-1, 0, 1, 1, -1, 1, 1, 1, 0]
BOX$D2$3411[-1, 0, 1, 1, -1, 1, 1, 1, 1]
BOX$D2$3411[-1, 0, 1, 1, 0, 0, 1, 1, 1]
BOX$D2$3411[-1, 0, 1, 1, 0, 1, -1, 1, 1]
BOX$D2$3411[-1, 0, 1, 1, 0, 1, 0, 1, 0]
BOX$D2$3411[-1, 0, 1, 1, 0, 1, 0, 1, 1]
BOX$D2$3411[-1, 0, 1, 1, 0, 1, 1, 1, 0]
BOX$D2$3411[-1, 0, 1, 1, 0, 1, 1, 1, 1]
BOX$D2$3411[0, -1, 0, 1, 0, 1, 1, 1, 1]
BOX$D2$3411[0, -1, 1, 0, 0, 1, 0, 1, 1]
BOX$D2$3411[0, -1, 1, 0, 0, 1, 1, 1, 0]
BOX$D2$3411[0, -1, 1, 0, 0, 1, 1, 1, 1]
BOX$D2$3411[0, -1, 1, 1, -1, 0, 1, 1, 1]
BOX$D2$3411[0, -1, 1, 1, -1, 1, 1, 0, 1]
BOX$D2$3411[0, -1, 1, 1, -1, 1, 1, 1, 1]
BOX$D2$3411[0, -1, 1, 1, 0, 0, 0, 1, 1]
BOX$D2$3411[0, -1, 1, 1, 0, 0, 1, 1, 0]
BOX$D2$3411[0, -1, 1, 1, 0, 0, 1, 1, 1]
BOX$D2$3411[0, -1, 1, 1, 0, 1, 0, 0, 1]
BOX$D2$3411[0, -1, 1, 1, 0, 1, 0, 1, 1]
BOX$D2$3411[0, -1, 1, 1, 0, 1, 1, 0, 1]
BOX$D2$3411[0, -1, 1, 1, 0, 1, 1, 1, 0]
BOX$D2$3411[0, -1, 1, 1, 0, 1, 1, 1, 1]
BOX$D2$3411[0, 0, 0, 0, 0, 1, 1, 1, 1]
BOX$D2$3411[0, 0, 0, 1, -1, 1, 1, 1, 1]
BOX$D2$3411[0, 0, 0, 1, 0, 0, 1, 1, 1]
BOX$D2$3411[0, 0, 0, 1, 0, 1, 0, 1, 1]
BOX$D2$3411[0, 0, 0, 1, 0, 1, 1, 0, 1]
BOX$D2$3411[0, 0, 0, 1, 0, 1, 1, 1, 0]
BOX$D2$3411[0, 0, 0, 1, 0, 1, 1, 1, 1]
BOX$D2$3411[0, 0, 1, 0, -1, 1, 1, 1, 1]
BOX$D2$3411[0, 0, 1, 0, 0, 0, 1, 1, 1]
BOX$D2$3411[0, 0, 1, 0, 0, 1, -1, 1, 1]
BOX$D2$3411[0, 0, 1, 0, 0, 1, 0, 1, 0]
BOX$D2$3411[0, 0, 1, 0, 0, 1, 0, 1, 1]
BOX$D2$3411[0, 0, 1, 0, 0, 1, 1, 1, 0]
BOX$D2$3411[0, 0, 1, 0, 0, 1, 1, 1, 1]
BOX$D2$3411[0, 0, 1, 1, -2, 1, 1, 1, 1]
BOX$D2$3411[0, 0, 1, 1, -1, 0, 0, 1, 1]
BOX$D2$3411[0, 0, 1, 1, -1, 0, 1, 1, 0]
BOX$D2$3411[0, 0, 1, 1, -1, 0, 1, 1, 1]
BOX$D2$3411[0, 0, 1, 1, -1, 1, 0, 0, 1]
BOX$D2$3411[0, 0, 1, 1, -1, 1, 0, 1, 1]
BOX$D2$3411[0, 0, 1, 1, -1, 1, 1, 0, 1]
BOX$D2$3411[0, 0, 1, 1, -1, 1, 1, 1, 0]
BOX$D2$3411[0, 0, 1, 1, -1, 1, 1, 1, 1]
BOX$D2$3411[0, 0, 1, 1, 0, -1, 1, 1, 1]
BOX$D2$3411[0, 0, 1, 1, 0, 0, 0, 1, 0]
BOX$D2$3411[0, 0, 1, 1, 0, 0, 0, 1, 1]
BOX$D2$3411[0, 0, 1, 1, 0, 0, 1, 0, 1]
BOX$D2$3411[0, 0, 1, 1, 0, 0, 1, 1, 0]
BOX$D2$3411[0, 0, 1, 1, 0, 0, 1, 1, 1]
BOX$D2$3411[0, 0, 1, 1, 0, 1, -1, 0, 1]
BOX$D2$3411[0, 0, 1, 1, 0, 1, -1, 1, 1]
BOX$D2$3411[0, 0, 1, 1, 0, 1, 0, 0, 1]
BOX$D2$3411[0, 0, 1, 1, 0, 1, 0, 1, 0]
BOX$D2$3411[0, 0, 1, 1, 0, 1, 0, 1, 1]
BOX$D2$3411[0, 0, 1, 1, 0, 1, 1, 0, 0]
BOX$D2$3411[0, 0, 1, 1, 0, 1, 1, 0, 1]
BOX$D2$3411[0, 0, 1, 1, 0, 1, 1, 1, 0]
BOX$D2$3411[0, 0, 1, 1, 0, 1, 1, 1, 1]
BOX$D2$3411[1, -2, 1, 0, 0, 0, 1, 1, 1]
BOX$D2$3411[1, -2, 1, 0, 0, 1, 1, 0, 1]
BOX$D2$3411[1, -2, 1, 0, 0, 1, 1, 1, 1]
BOX$D2$3411[1, -2, 1, 1, 0, -1, 1, 1, 1]
BOX$D2$3411[1, -2, 1, 1, 0, 0, 1, 0, 1]
BOX$D2$3411[1, -2, 1, 1, 0, 0, 1, 1, 1]
BOX$D2$3411[1, -2, 1, 1, 0, 1, 1, 0, 1]
BOX$D2$3411[1, -2, 1, 1, 0, 1, 1, 1, 1]
BOX$D2$3411[1, -1, 0, 0, 0, 1, 1, 1, 1]
BOX$D2$3411[1, -1, 0, 1, 0, 0, 1, 1, 1]
BOX$D2$3411[1, -1, 0, 1, 0, 1, 1, 0, 1]
BOX$D2$3411[1, -1, 0, 1, 0, 1, 1, 1, 1]
BOX$D2$3411[1, -1, 1, -1, 0, 1, 1, 1, 1]
BOX$D2$3411[1, -1, 1, 0, -1, 1, 1, 1, 1]
BOX$D2$3411[1, -1, 1, 0, 0, 0, 0, 1, 1]
BOX$D2$3411[1, -1, 1, 0, 0, 0, 1, 1, 0]
BOX$D2$3411[1, -1, 1, 0, 0, 0, 1, 1, 1]
BOX$D2$3411[1, -1, 1, 0, 0, 1, 0, 0, 1]
BOX$D2$3411[1, -1, 1, 0, 0, 1, 0, 1, 1]
BOX$D2$3411[1, -1, 1, 0, 0, 1, 1, 0, 1]
BOX$D2$3411[1, -1, 1, 0, 0, 1, 1, 1, 0]
BOX$D2$3411[1, -1, 1, 0, 0, 1, 1, 1, 1]
BOX$D2$3411[1, -1, 1, 1, -1, -1, 1, 1, 1]
BOX$D2$3411[1, -1, 1, 1, -1, 0, 1, 0, 1]
BOX$D2$3411[1, -1, 1, 1, -1, 0, 1, 1, 1]
BOX$D2$3411[1, -1, 1, 1, -1, 1, 1, 0, 1]
BOX$D2$3411[1, -1, 1, 1, -1, 1, 1, 1, 1]
BOX$D2$3411[1, -1, 1, 1, 0, -1, 1, 1, 0]
BOX$D2$3411[1, -1, 1, 1, 0, -1, 1, 1, 1]
BOX$D2$3411[1, -1, 1, 1, 0, 0, 0, 0, 1]
BOX$D2$3411[1, -1, 1, 1, 0, 0, 0, 1, 1]
BOX$D2$3411[1, -1, 1, 1, 0, 0, 1, 0, 1]
BOX$D2$3411[1, -1, 1, 1, 0, 0, 1, 1, 0]
BOX$D2$3411[1, -1, 1, 1, 0, 0, 1, 1, 1]
BOX$D2$3411[1, -1, 1, 1, 0, 1, 0, 0, 1]
BOX$D2$3411[1, -1, 1, 1, 0, 1, 0, 1, 1]
BOX$D2$3411[1, -1, 1, 1, 0, 1, 1, -1, 1]
BOX$D2$3411[1, -1, 1, 1, 0, 1, 1, 0, 1]
BOX$D2$3411[1, -1, 1, 1, 0, 1, 1, 1, 0]
BOX$D2$3411[1, -1, 1, 1, 0, 1, 1, 1, 1]
BOX$D2$3411[1, 0, -1, 1, 0, 1, 1, 1, 1]
BOX$D2$3411[1, 0, 0, -1, 0, 1, 1, 1, 1]
BOX$D2$3411[1, 0, 0, 0, -1, 1, 1, 1, 1]
BOX$D2$3411[1, 0, 0, 0, 0, 0, 1, 1, 1]
BOX$D2$3411[1, 0, 0, 0, 0, 1, 0, 1, 1]
BOX$D2$3411[1, 0, 0, 0, 0, 1, 1, 0, 1]
BOX$D2$3411[1, 0, 0, 0, 0, 1, 1, 1, 0]
BOX$D2$3411[1, 0, 0, 0, 0, 1, 1, 1, 1]
BOX$D2$3411[1, 0, 0, 1, -1, 0, 1, 1, 1]
BOX$D2$3411[1, 0, 0, 1, -1, 1, 1, 0, 1]
BOX$D2$3411[1, 0, 0, 1, -1, 1, 1, 1, 1]
BOX$D2$3411[1, 0, 0, 1, 0, -1, 1, 1, 1]
BOX$D2$3411[1, 0, 0, 1, 0, 0, 0, 1, 1]
BOX$D2$3411[1, 0, 0, 1, 0, 0, 1, 0, 1]
BOX$D2$3411[1, 0, 0, 1, 0, 0, 1, 1, 0]
BOX$D2$3411[1, 0, 0, 1, 0, 0, 1, 1, 1]
BOX$D2$3411[1, 0, 0, 1, 0, 1, 0, 0, 1]
BOX$D2$3411[1, 0, 0, 1, 0, 1, 0, 1, 1]
BOX$D2$3411[1, 0, 0, 1, 0, 1, 1, -1, 1]
BOX$D2$3411[1, 0, 0, 1, 0, 1, 1, 0, 0]
BOX$D2$3411[1, 0, 0, 1, 0, 1, 1, 0, 1]
BOX$D2$3411[1, 0, 0, 1, 0, 1, 1, 1, 0]
BOX$D2$3411[1, 0, 0, 1, 0, 1, 1, 1, 1]
BOX$D2$3411[1, 0, 1, -1, 0, 0, 1, 1, 1]
BOX$D2$3411[1, 0, 1, -1, 0, 1, 0, 1, 1]
BOX$D2$3411[1, 0, 1, -1, 0, 1, 1, 1, 0]
BOX$D2$3411[1, 0, 1, -1, 0, 1, 1, 1, 1]
BOX$D2$3411[1, 0, 1, 0, -1, 0, 1, 1, 1]
BOX$D2$3411[1, 0, 1, 0, -1, 1, 0, 1, 1]
BOX$D2$3411[1, 0, 1, 0, -1, 1, 1, 0, 1]
BOX$D2$3411[1, 0, 1, 0, -1, 1, 1, 1, 0]
BOX$D2$3411[1, 0, 1, 0, -1, 1, 1, 1, 1]
BOX$D2$3411[1, 0, 1, 0, 0, -1, 1, 1, 1]
BOX$D2$3411[1, 0, 1, 0, 0, 0, 0, 1, 0]
BOX$D2$3411[1, 0, 1, 0, 0, 0, 0, 1, 1]
BOX$D2$3411[1, 0, 1, 0, 0, 0, 1, 0, 1]
BOX$D2$3411[1, 0, 1, 0, 0, 0, 1, 1, 0]
BOX$D2$3411[1, 0, 1, 0, 0, 0, 1, 1, 1]
BOX$D2$3411[1, 0, 1, 0, 0, 1, -1, 0, 1]
BOX$D2$3411[1, 0, 1, 0, 0, 1, -1, 1, 1]
BOX$D2$3411[1, 0, 1, 0, 0, 1, 0, 0, 1]
BOX$D2$3411[1, 0, 1, 0, 0, 1, 0, 1, 0]
BOX$D2$3411[1, 0, 1, 0, 0, 1, 0, 1, 1]
BOX$D2$3411[1, 0, 1, 0, 0, 1, 1, 0, 0]
BOX$D2$3411[1, 0, 1, 0, 0, 1, 1, 0, 1]
BOX$D2$3411[1, 0, 1, 0, 0, 1, 1, 1, -1]
BOX$D2$3411[1, 0, 1, 0, 0, 1, 1, 1, 0]
BOX$D2$3411[1, 0, 1, 0, 0, 1, 1, 1, 1]
BOX$D2$3411[1, 0, 1, 1, -2, 0, 1, 1, 1]
BOX$D2$3411[1, 0, 1, 1, -2, 1, 1, 0, 1]
BOX$D2$3411[1, 0, 1, 1, -2, 1, 1, 1, 1]
BOX$D2$3411[1, 0, 1, 1, -1, -1, 1, 1, 0]
BOX$D2$3411[1, 0, 1, 1, -1, -1, 1, 1, 1]
BOX$D2$3411[1, 0, 1, 1, -1, 0, 0, 0, 1]
BOX$D2$3411[1, 0, 1, 1, -1, 0, 0, 1, 1]
BOX$D2$3411[1, 0, 1, 1, -1, 0, 1, 0, 1]
BOX$D2$3411[1, 0, 1, 1, -1, 0, 1, 1, 0]
BOX$D2$3411[1, 0, 1, 1, -1, 0, 1, 1, 1]
BOX$D2$3411[1, 0, 1, 1, -1, 1, 0, 0, 1]
BOX$D2$3411[1, 0, 1, 1, -1, 1, 0, 1, 1]
BOX$D2$3411[1, 0, 1, 1, -1, 1, 1, -1, 1]
BOX$D2$3411[1, 0, 1, 1, -1, 1, 1, 0, 0]
BOX$D2$3411[1, 0, 1, 1, -1, 1, 1, 0, 1]
BOX$D2$3411[1, 0, 1, 1, -1, 1, 1, 1, 0]
BOX$D2$3411[1, 0, 1, 1, -1, 1, 1, 1, 1]
BOX$D2$3411[1, 0, 1, 1, 0, -2, 1, 1, 1]
BOX$D2$3411[1, 0, 1, 1, 0, -1, 0, 1, 1]
BOX$D2$3411[1, 0, 1, 1, 0, -1, 1, 0, 1]
BOX$D2$3411[1, 0, 1, 1, 0, -1, 1, 1, 0]
BOX$D2$3411[1, 0, 1, 1, 0, -1, 1, 1, 1]
BOX$D2$3411[1, 0, 1, 1, 0, 0, 0, 0, 1]
BOX$D2$3411[1, 0, 1, 1, 0, 0, 0, 1, 0]
BOX$D2$3411[1, 0, 1, 1, 0, 0, 0, 1, 1]
BOX$D2$3411[1, 0, 1, 1, 0, 0, 1, -1, 1]
BOX$D2$3411[1, 0, 1, 1, 0, 0, 1, 0, 0]
BOX$D2$3411[1, 0, 1, 1, 0, 0, 1, 0, 1]
BOX$D2$3411[1, 0, 1, 1, 0, 0, 1, 1, -1]
BOX$D2$3411[1, 0, 1, 1, 0, 0, 1, 1, 0]
BOX$D2$3411[1, 0, 1, 1, 0, 0, 1, 1, 1]
BOX$D2$3411[1, 0, 1, 1, 0, 1, -1, 0, 1]
BOX$D2$3411[1, 0, 1, 1, 0, 1, -1, 1, 1]
BOX$D2$3411[1, 0, 1, 1, 0, 1, 0, -1, 1]
BOX$D2$3411[1, 0, 1, 1, 0, 1, 0, 0, 0]
BOX$D2$3411[1, 0, 1, 1, 0, 1, 0, 0, 1]
BOX$D2$3411[1, 0, 1, 1, 0, 1, 0, 1, 0]
BOX$D2$3411[1, 0, 1, 1, 0, 1, 0, 1, 1]
BOX$D2$3411[1, 0, 1, 1, 0, 1, 1, -1, 1]
BOX$D2$3411[1, 0, 1, 1, 0, 1, 1, 0, 0]
BOX$D2$3411[1, 0, 1, 1, 0, 1, 1, 0, 1]
BOX$D2$3411[1, 0, 1, 1, 0, 1, 1, 1, -1]
BOX$D2$3411[1, 0, 1, 1, 0, 1, 1, 1, 0]
BOX$D2$3411[1, 0, 1, 1, 0, 1, 1, 1, 1]
BOX$D2$3411[-1, 0, 0, 1, 0, 1, 0, 2, 1]
BOX$D2$3411[-1, 0, 1, 1, 0, 1, 0, 2, 0]
BOX$D2$3411[-1, 0, 1, 1, 0, 1, 0, 2, 1]
BOX$D2$3411[0, 0, 0, 0, 0, 1, 0, 2, 1]
BOX$D2$3411[0, 0, 0, 1, 0, 0, 0, 2, 1]
BOX$D2$3411[0, 0, 0, 1, 0, 1, 0, 2, 1]
BOX$D2$3411[0, 0, 1, 0, 0, 1, 0, 2, 0]
BOX$D2$3411[0, 0, 1, 0, 0, 1, 0, 2, 1]
BOX$D2$3411[0, 0, 1, 1, 0, 0, 0, 2, 0]
BOX$D2$3411[0, 0, 1, 1, 0, 0, 0, 2, 1]
BOX$D2$3411[0, 0, 1, 1, 0, 1, 0, 2, 0]
BOX$D2$3411[0, 0, 1, 1, 0, 1, 0, 2, 1]
BOX$D2$3411[1, 0, 0, -1, 0, 1, 0, 2, 1]
BOX$D2$3411[1, 0, 0, 0, 0, 0, 0, 2, 1]
BOX$D2$3411[1, 0, 0, 0, 0, 1, 0, 2, 1]
BOX$D2$3411[1, 0, 0, 1, 0, -1, 0, 2, 1]
BOX$D2$3411[1, 0, 0, 1, 0, 0, 0, 2, 1]
BOX$D2$3411[1, 0, 0, 1, 0, 1, 0, 2, 1]
BOX$D2$3411[1, 0, 1, -1, 0, 1, 0, 2, 0]
BOX$D2$3411[1, 0, 1, -1, 0, 1, 0, 2, 1]
BOX$D2$3411[1, 0, 1, 0, 0, 0, 0, 2, 0]
BOX$D2$3411[1, 0, 1, 0, 0, 0, 0, 2, 1]
BOX$D2$3411[1, 0, 1, 0, 0, 1, 0, 2, 0]
BOX$D2$3411[1, 0, 1, 0, 0, 1, 0, 2, 1]
BOX$D2$3411[1, 0, 1, 1, 0, -1, 0, 2, 0]
BOX$D2$3411[1, 0, 1, 1, 0, -1, 0, 2, 1]
BOX$D2$3411[1, 0, 1, 1, 0, 0, -1, 1, 1]
BOX$D2$3411[1, 0, 1, 1, 0, 0, 0, 2, 0]
BOX$D2$3411[1, 0, 1, 1, 0, 0, 0, 2, 1]
BOX$D2$3411[1, 0, 1, 1, 0, 1, 0, 2, 0]
BOX$D2$3411[1, 0, 1, 1, 0, 1, 0, 2, 1]