BOX$A3$197689[-1, 1, 0, 0, 0, 1, 0, 1, 1]
BOX$A3$197689[-1, 1, 1, -1, 0, 1, 0, 1, 1]
BOX$A3$197689[-1, 1, 1, 0, -1, 1, 0, 1, 1]
BOX$A3$197689[-1, 1, 1, 0, 0, 0, 0, 1, 1]
BOX$A3$197689[-1, 1, 1, 0, 0, 1, -1, 1, 1]
BOX$A3$197689[-1, 1, 1, 0, 0, 1, 0, 0, 1]
BOX$A3$197689[-1, 1, 1, 0, 0, 1, 0, 1, 0]
BOX$A3$197689[-1, 1, 1, 0, 0, 1, 0, 1, 1]
BOX$A3$197689[0, 0, 0, 0, 0, 1, 0, 1, 1]
BOX$A3$197689[0, 0, 1, -1, 0, 1, 0, 1, 1]
BOX$A3$197689[0, 0, 1, 0, -1, 1, 0, 1, 1]
BOX$A3$197689[0, 0, 1, 0, 0, 0, 0, 1, 1]
BOX$A3$197689[0, 0, 1, 0, 0, 1, -1, 1, 1]
BOX$A3$197689[0, 0, 1, 0, 0, 1, 0, 0, 1]
BOX$A3$197689[0, 0, 1, 0, 0, 1, 0, 1, 0]
BOX$A3$197689[0, 0, 1, 0, 0, 1, 0, 1, 1]
BOX$A3$197689[0, 1, -1, 0, 0, 1, 0, 1, 1]
BOX$A3$197689[0, 1, 0, -1, 0, 1, 0, 1, 1]
BOX$A3$197689[0, 1, 0, 0, -1, 1, 0, 1, 1]
BOX$A3$197689[0, 1, 0, 0, 0, 0, 0, 1, 1]
BOX$A3$197689[0, 1, 0, 0, 0, 1, -1, 1, 1]
BOX$A3$197689[0, 1, 0, 0, 0, 1, 0, 0, 1]
BOX$A3$197689[0, 1, 0, 0, 0, 1, 0, 1, 0]
BOX$A3$197689[0, 1, 0, 0, 0, 1, 0, 1, 1]
BOX$A3$197689[0, 1, 1, -2, 0, 1, 0, 1, 1]
BOX$A3$197689[0, 1, 1, -1, -1, 1, 0, 1, 1]
BOX$A3$197689[0, 1, 1, -1, 0, 0, 0, 1, 1]
BOX$A3$197689[0, 1, 1, -1, 0, 1, -1, 1, 1]
BOX$A3$197689[0, 1, 1, -1, 0, 1, 0, 0, 1]
BOX$A3$197689[0, 1, 1, -1, 0, 1, 0, 1, 0]
BOX$A3$197689[0, 1, 1, -1, 0, 1, 0, 1, 1]
BOX$A3$197689[0, 1, 1, 0, -2, 1, 0, 1, 1]
BOX$A3$197689[0, 1, 1, 0, -1, 0, 0, 1, 1]
BOX$A3$197689[0, 1, 1, 0, -1, 1, -1, 1, 1]
BOX$A3$197689[0, 1, 1, 0, -1, 1, 0, 0, 1]
BOX$A3$197689[0, 1, 1, 0, -1, 1, 0, 1, 0]
BOX$A3$197689[0, 1, 1, 0, -1, 1, 0, 1, 1]
BOX$A3$197689[0, 1, 1, 0, 0, -1, 0, 1, 1]
BOX$A3$197689[0, 1, 1, 0, 0, 0, -1, 1, 1]
BOX$A3$197689[0, 1, 1, 0, 0, 0, 0, 0, 1]
BOX$A3$197689[0, 1, 1, 0, 0, 0, 0, 1, 0]
BOX$A3$197689[0, 1, 1, 0, 0, 0, 0, 1, 1]
BOX$A3$197689[0, 1, 1, 0, 0, 1, -2, 1, 1]
BOX$A3$197689[0, 1, 1, 0, 0, 1, -1, 0, 1]
BOX$A3$197689[0, 1, 1, 0, 0, 1, -1, 1, 0]
BOX$A3$197689[0, 1, 1, 0, 0, 1, -1, 1, 1]
BOX$A3$197689[0, 1, 1, 0, 0, 1, 0, -1, 1]
BOX$A3$197689[0, 1, 1, 0, 0, 1, 0, 0, 0]
BOX$A3$197689[0, 1, 1, 0, 0, 1, 0, 0, 1]
BOX$A3$197689[0, 1, 1, 0, 0, 1, 0, 1, -1]
BOX$A3$197689[0, 1, 1, 0, 0, 1, 0, 1, 0]
BOX$A3$197689[0, 1, 1, 0, 0, 1, 0, 1, 1]
BOX$A3$197689[1, -1, 1, 0, 0, 0, 0, 1, 1]
BOX$A3$197689[1, -1, 1, 0, 0, 1, 0, 0, 1]
BOX$A3$197689[1, 0, 0, -1, 0, 1, 0, 1, 1]
BOX$A3$197689[1, 0, 0, 0, 0, 0, 0, 1, 1]
BOX$A3$197689[1, 0, 0, 0, 0, 1, 0, 0, 1]
BOX$A3$197689[1, 0, 0, 0, 0, 1, 0, 1, 1]
BOX$A3$197689[1, 0, 1, -2, 0, 1, 0, 1, 1]
BOX$A3$197689[1, 0, 1, -1, -1, 1, 0, 1, 1]
BOX$A3$197689[1, 0, 1, -1, 0, 0, 0, 1, 1]
BOX$A3$197689[1, 0, 1, -1, 0, 1, -1, 1, 1]
BOX$A3$197689[1, 0, 1, -1, 0, 1, 0, 0, 1]
BOX$A3$197689[1, 0, 1, -1, 0, 1, 0, 1, 0]
BOX$A3$197689[1, 0, 1, -1, 0, 1, 0, 1, 1]
BOX$A3$197689[1, 0, 1, 0, -1, 0, 0, 1, 1]
BOX$A3$197689[1, 0, 1, 0, -1, 1, 0, 0, 1]
BOX$A3$197689[1, 0, 1, 0, -1, 1, 0, 1, 1]
BOX$A3$197689[1, 0, 1, 0, 0, -1, 0, 1, 1]
BOX$A3$197689[1, 0, 1, 0, 0, 0, -1, 1, 1]
BOX$A3$197689[1, 0, 1, 0, 0, 0, 0, 0, 1]
BOX$A3$197689[1, 0, 1, 0, 0, 0, 0, 1, 0]
BOX$A3$197689[1, 0, 1, 0, 0, 0, 0, 1, 1]
BOX$A3$197689[1, 0, 1, 0, 0, 1, -1, 0, 1]
BOX$A3$197689[1, 0, 1, 0, 0, 1, -1, 1, 1]
BOX$A3$197689[1, 0, 1, 0, 0, 1, 0, -1, 1]
BOX$A3$197689[1, 0, 1, 0, 0, 1, 0, 0, 0]
BOX$A3$197689[1, 0, 1, 0, 0, 1, 0, 0, 1]
BOX$A3$197689[1, 0, 1, 0, 0, 1, 0, 1, 0]
BOX$A3$197689[1, 0, 1, 0, 0, 1, 0, 1, 1]
BOX$A3$197689[1, 1, -1, -1, 0, 1, 0, 1, 1]
BOX$A3$197689[1, 1, -1, 0, 0, 0, 0, 1, 1]
BOX$A3$197689[1, 1, -1, 0, 0, 1, 0, 0, 1]
BOX$A3$197689[1, 1, -1, 0, 0, 1, 0, 1, 1]
BOX$A3$197689[1, 1, 0, -2, 0, 1, 0, 1, 1]
BOX$A3$197689[1, 1, 0, -1, -1, 1, 0, 1, 1]
BOX$A3$197689[1, 1, 0, -1, 0, 0, 0, 1, 1]
BOX$A3$197689[1, 1, 0, -1, 0, 1, -1, 1, 1]
BOX$A3$197689[1, 1, 0, -1, 0, 1, 0, 0, 1]
BOX$A3$197689[1, 1, 0, -1, 0, 1, 0, 1, 0]
BOX$A3$197689[1, 1, 0, -1, 0, 1, 0, 1, 1]
BOX$A3$197689[1, 1, 0, 0, -1, 0, 0, 1, 1]
BOX$A3$197689[1, 1, 0, 0, -1, 1, 0, 0, 1]
BOX$A3$197689[1, 1, 0, 0, -1, 1, 0, 1, 1]
BOX$A3$197689[1, 1, 0, 0, 0, 0, -1, 1, 1]
BOX$A3$197689[1, 1, 0, 0, 0, 0, 0, 0, 1]
BOX$A3$197689[1, 1, 0, 0, 0, 0, 0, 1, 0]
BOX$A3$197689[1, 1, 0, 0, 0, 0, 0, 1, 1]
BOX$A3$197689[1, 1, 0, 0, 0, 1, -1, 0, 1]
BOX$A3$197689[1, 1, 0, 0, 0, 1, -1, 1, 1]
BOX$A3$197689[1, 1, 0, 0, 0, 1, 0, -1, 1]
BOX$A3$197689[1, 1, 0, 0, 0, 1, 0, 0, 0]
BOX$A3$197689[1, 1, 0, 0, 0, 1, 0, 0, 1]
BOX$A3$197689[1, 1, 0, 0, 0, 1, 0, 1, 0]
BOX$A3$197689[1, 1, 0, 0, 0, 1, 0, 1, 1]
BOX$A3$197689[1, 1, 1, -3, 0, 1, 0, 1, 1]
BOX$A3$197689[1, 1, 1, -2, -1, 1, 0, 1, 1]
BOX$A3$197689[1, 1, 1, -2, 0, 0, 0, 1, 1]
BOX$A3$197689[1, 1, 1, -2, 0, 1, -1, 1, 1]
BOX$A3$197689[1, 1, 1, -2, 0, 1, 0, 0, 1]
BOX$A3$197689[1, 1, 1, -2, 0, 1, 0, 1, 0]
BOX$A3$197689[1, 1, 1, -2, 0, 1, 0, 1, 1]
BOX$A3$197689[1, 1, 1, -1, -1, 0, 0, 1, 1]
BOX$A3$197689[1, 1, 1, -1, -1, 1, 0, 0, 1]
BOX$A3$197689[1, 1, 1, -1, -1, 1, 0, 1, 0]
BOX$A3$197689[1, 1, 1, -1, -1, 1, 0, 1, 1]
BOX$A3$197689[1, 1, 1, -1, 0, -1, 0, 1, 1]
BOX$A3$197689[1, 1, 1, -1, 0, 0, -1, 1, 1]
BOX$A3$197689[1, 1, 1, -1, 0, 0, 0, 0, 1]
BOX$A3$197689[1, 1, 1, -1, 0, 0, 0, 1, 0]
BOX$A3$197689[1, 1, 1, -1, 0, 0, 0, 1, 1]
BOX$A3$197689[1, 1, 1, -1, 0, 1, -1, 0, 1]
BOX$A3$197689[1, 1, 1, -1, 0, 1, -1, 1, 0]
BOX$A3$197689[1, 1, 1, -1, 0, 1, -1, 1, 1]
BOX$A3$197689[1, 1, 1, -1, 0, 1, 0, -1, 1]
BOX$A3$197689[1, 1, 1, -1, 0, 1, 0, 0, 0]
BOX$A3$197689[1, 1, 1, -1, 0, 1, 0, 0, 1]
BOX$A3$197689[1, 1, 1, -1, 0, 1, 0, 1, 0]
BOX$A3$197689[1, 1, 1, -1, 0, 1, 0, 1, 1]
BOX$A3$197689[1, 1, 1, 0, -2, 1, 0, 0, 1]
BOX$A3$197689[1, 1, 1, 0, -1, -1, 0, 1, 1]
BOX$A3$197689[1, 1, 1, 0, -1, 0, 0, 0, 1]
BOX$A3$197689[1, 1, 1, 0, -1, 0, 0, 1, 0]
BOX$A3$197689[1, 1, 1, 0, -1, 0, 0, 1, 1]
BOX$A3$197689[1, 1, 1, 0, -1, 1, -1, 0, 1]
BOX$A3$197689[1, 1, 1, 0, -1, 1, 0, -1, 1]
BOX$A3$197689[1, 1, 1, 0, -1, 1, 0, 0, 0]
BOX$A3$197689[1, 1, 1, 0, -1, 1, 0, 0, 1]
BOX$A3$197689[1, 1, 1, 0, -1, 1, 0, 1, 0]
BOX$A3$197689[1, 1, 1, 0, -1, 1, 0, 1, 1]
BOX$A3$197689[1, 1, 1, 0, 0, -1, 0, 0, 1]
BOX$A3$197689[1, 1, 1, 0, 0, -1, 0, 1, 0]
BOX$A3$197689[1, 1, 1, 0, 0, -1, 0, 1, 1]
BOX$A3$197689[1, 1, 1, 0, 0, 0, -1, 0, 1]
BOX$A3$197689[1, 1, 1, 0, 0, 0, -1, 1, 0]
BOX$A3$197689[1, 1, 1, 0, 0, 0, -1, 1, 1]
BOX$A3$197689[1, 1, 1, 0, 0, 0, 0, -1, 1]
BOX$A3$197689[1, 1, 1, 0, 0, 0, 0, 0, 0]
BOX$A3$197689[1, 1, 1, 0, 0, 0, 0, 0, 1]
BOX$A3$197689[1, 1, 1, 0, 0, 0, 0, 1, -1]
BOX$A3$197689[1, 1, 1, 0, 0, 0, 0, 1, 0]
BOX$A3$197689[1, 1, 1, 0, 0, 0, 0, 1, 1]
BOX$A3$197689[1, 1, 1, 0, 0, 1, -2, 0, 1]
BOX$A3$197689[1, 1, 1, 0, 0, 1, -1, -1, 1]
BOX$A3$197689[1, 1, 1, 0, 0, 1, -1, 0, 0]
BOX$A3$197689[1, 1, 1, 0, 0, 1, -1, 0, 1]
BOX$A3$197689[1, 1, 1, 0, 0, 1, -1, 1, 0]
BOX$A3$197689[1, 1, 1, 0, 0, 1, -1, 1, 1]
BOX$A3$197689[1, 1, 1, 0, 0, 1, 0, -2, 1]
BOX$A3$197689[1, 1, 1, 0, 0, 1, 0, -1, 0]
BOX$A3$197689[1, 1, 1, 0, 0, 1, 0, -1, 1]
BOX$A3$197689[1, 1, 1, 0, 0, 1, 0, 0, 0]
BOX$A3$197689[1, 1, 1, 0, 0, 1, 0, 0, 1]
BOX$A3$197689[1, 1, 1, 0, 0, 1, 0, 1, -1]
BOX$A3$197689[1, 1, 1, 0, 0, 1, 0, 1, 0]
BOX$A3$197689[1, 1, 1, 0, 0, 1, 0, 1, 1]
BOX$A3$197689[1, -1, 1, -1, 0, 1, 0, 1, 1]
BOX$A3$197689[1, -1, 1, 0, 0, 1, 0, 1, 1]
BOX$A3$197689[1, 1, 1, -1, -2, 1, 0, 1, 1]
BOX$A3$197689[1, 1, 1, -1, -1, 1, -1, 1, 1]
BOX$A3$197689[1, 1, 1, -1, 0, 1, -2, 1, 1]
BOX$A3$197689[1, 1, 1, -1, 0, 1, 0, 1, -1]
BOX$A3$197689[1, 1, 1, 0, -2, 0, 0, 1, 1]
BOX$A3$197689[1, 1, 1, 0, -2, 1, 0, 1, 1]
BOX$A3$197689[1, 1, 1, 0, -1, 0, -1, 1, 1]
BOX$A3$197689[1, 1, 1, 0, -1, 1, -1, 1, 1]
BOX$A3$197689[1, 1, 1, 0, 0, 1, -2, 1, 1]
BOX$A3$197689[-1, 1, 1, 0, 0, 1, 0, 1, 0]
BOX$A3$197689[0, 1, 0, 0, 0, 1, 0, 1, 0]
BOX$A3$197689[0, 1, 1, -1, 0, 1, 0, 1, 0]
BOX$A3$197689[0, 1, 1, 0, -1, 1, 0, 1, 0]
BOX$A3$197689[0, 1, 1, 0, 0, 0, 0, 1, 0]
BOX$A3$197689[0, 1, 1, 0, 0, 1, -1, 1, 0]
BOX$A3$197689[0, 1, 1, 0, 0, 1, 0, 0, 0]
BOX$A3$197689[0, 1, 1, 0, 0, 1, 0, 1, -1]
BOX$A3$197689[0, 1, 1, 0, 0, 1, 0, 1, 0]
BOX$A3$197689[1, 0, 1, -1, 0, 1, 0, 1, 0]
BOX$A3$197689[1, 0, 1, 0, 0, 0, 0, 1, 0]
BOX$A3$197689[1, 0, 1, 0, 0, 1, 0, 0, 0]
BOX$A3$197689[1, 0, 1, 0, 0, 1, 0, 1, 0]
BOX$A3$197689[1, 1, 0, -1, 0, 1, 0, 1, 0]
BOX$A3$197689[1, 1, 0, 0, 0, 0, 0, 1, 0]
BOX$A3$197689[1, 1, 0, 0, 0, 1, 0, 0, 0]
BOX$A3$197689[1, 1, 0, 0, 0, 1, 0, 1, 0]
BOX$A3$197689[1, 1, 1, -2, 0, 1, 0, 1, 0]
BOX$A3$197689[1, 1, 1, -1, -1, 1, 0, 1, 0]
BOX$A3$197689[1, 1, 1, -1, 0, 0, 0, 1, 0]
BOX$A3$197689[1, 1, 1, -1, 0, 1, -1, 1, 0]
BOX$A3$197689[1, 1, 1, -1, 0, 1, 0, 0, 0]
BOX$A3$197689[1, 1, 1, -1, 0, 1, 0, 1, -1]
BOX$A3$197689[1, 1, 1, -1, 0, 1, 0, 1, 0]
BOX$A3$197689[1, 1, 1, 0, -1, 0, 0, 1, 0]
BOX$A3$197689[1, 1, 1, 0, -1, 1, 0, 0, 0]
BOX$A3$197689[1, 1, 1, 0, -1, 1, 0, 1, 0]
BOX$A3$197689[1, 1, 1, 0, 0, 0, -1, 1, 0]
BOX$A3$197689[1, 1, 1, 0, 0, 0, 0, 0, 0]
BOX$A3$197689[1, 1, 1, 0, 0, 0, 0, 1, -1]
BOX$A3$197689[1, 1, 1, 0, 0, 0, 0, 1, 0]
BOX$A3$197689[1, 1, 1, 0, 0, 1, -1, 0, 0]
BOX$A3$197689[1, 1, 1, 0, 0, 1, -1, 1, 0]
BOX$A3$197689[1, 1, 1, 0, 0, 1, 0, -1, 0]
BOX$A3$197689[1, 1, 1, 0, 0, 1, 0, 0, -1]
BOX$A3$197689[1, 1, 1, 0, 0, 1, 0, 0, 0]
BOX$A3$197689[1, 1, 1, 0, 0, 1, 0, 1, -1]
BOX$A3$197689[1, 1, 1, 0, 0, 1, 0, 1, 0]
BOX$A3$197689[2, 0, 1, -2, 0, 1, 0, 1, 0]
BOX$A3$197689[2, 0, 1, -1, 0, 0, 0, 1, 0]
BOX$A3$197689[2, 0, 1, -1, 0, 1, 0, 0, 0]
BOX$A3$197689[2, 0, 1, -1, 0, 1, 0, 1, 0]
BOX$A3$197689[2, 0, 1, 0, 0, -1, 0, 1, 0]
BOX$A3$197689[2, 0, 1, 0, 0, 0, 0, 0, 0]
BOX$A3$197689[2, 0, 1, 0, 0, 0, 0, 1, 0]
BOX$A3$197689[2, 0, 1, 0, 0, 1, 0, -1, 0]
BOX$A3$197689[2, 0, 1, 0, 0, 1, 0, 0, 0]
BOX$A3$197689[2, 0, 1, 0, 0, 1, 0, 1, 0]
BOX$A3$197689[2, 1, 0, -2, 0, 1, 0, 1, 0]
BOX$A3$197689[2, 1, 0, -1, 0, 0, 0, 1, 0]
BOX$A3$197689[2, 1, 0, -1, 0, 1, 0, 0, 0]
BOX$A3$197689[2, 1, 0, -1, 0, 1, 0, 1, 0]
BOX$A3$197689[2, 1, 0, 0, 0, -1, 0, 1, 0]
BOX$A3$197689[2, 1, 0, 0, 0, 0, 0, 0, 0]
BOX$A3$197689[2, 1, 0, 0, 0, 0, 0, 1, 0]
BOX$A3$197689[2, 1, 0, 0, 0, 1, 0, -1, 0]
BOX$A3$197689[2, 1, 0, 0, 0, 1, 0, 0, 0]
BOX$A3$197689[2, 1, 0, 0, 0, 1, 0, 1, 0]
BOX$A3$197689[2, 1, 1, -2, 0, 1, 0, 1, 0]
BOX$A3$197689[2, 1, 1, -1, 0, 0, 0, 1, 0]
BOX$A3$197689[2, 1, 1, -1, 0, 1, 0, 0, 0]
BOX$A3$197689[2, 1, 1, -1, 0, 1, 0, 1, 0]
BOX$A3$197689[2, 1, 1, 0, 0, -1, 0, 1, 0]
BOX$A3$197689[2, 1, 1, 0, 0, 0, 0, 0, 0]
BOX$A3$197689[2, 1, 1, 0, 0, 0, 0, 1, 0]
BOX$A3$197689[2, 1, 1, 0, 0, 1, 0, -1, 0]
BOX$A3$197689[2, 1, 1, 0, 0, 1, 0, 0, 0]
BOX$A3$197689[2, 1, 1, 0, 0, 1, 0, 1, 0]
BOX$A3$197689[1, 1, 1, 0, 0, -1, 0, 1, 0]
BOX$A3$197689[2, 1, 1, -3, 0, 1, 0, 1, 0]
BOX$A3$197689[2, 1, 1, -2, -1, 1, 0, 1, 0]
BOX$A3$197689[2, 1, 1, -2, 0, 0, 0, 1, 0]
BOX$A3$197689[2, 1, 1, -2, 0, 1, -1, 1, 0]
BOX$A3$197689[2, 1, 1, -2, 0, 1, 0, 0, 0]
BOX$A3$197689[2, 1, 1, -2, 0, 1, 0, 1, -1]
BOX$A3$197689[2, 1, 1, -1, -1, 0, 0, 1, 0]
BOX$A3$197689[2, 1, 1, -1, -1, 1, 0, 0, 0]
BOX$A3$197689[2, 1, 1, -1, -1, 1, 0, 1, 0]
BOX$A3$197689[2, 1, 1, -1, 0, -1, 0, 1, 0]
BOX$A3$197689[2, 1, 1, -1, 0, 0, -1, 1, 0]
BOX$A3$197689[2, 1, 1, -1, 0, 0, 0, 0, 0]
BOX$A3$197689[2, 1, 1, -1, 0, 0, 0, 1, -1]
BOX$A3$197689[2, 1, 1, -1, 0, 1, -1, 0, 0]
BOX$A3$197689[2, 1, 1, -1, 0, 1, -1, 1, 0]
BOX$A3$197689[2, 1, 1, -1, 0, 1, 0, 1, -1]
BOX$A3$197689[2, 1, 1, 0, -1, -1, 0, 1, 0]
BOX$A3$197689[2, 1, 1, 0, -1, 0, 0, 0, 0]
BOX$A3$197689[2, 1, 1, 0, -1, 0, 0, 1, 0]
BOX$A3$197689[2, 1, 1, 0, -1, 1, 0, 0, 0]
BOX$A3$197689[2, 1, 1, 0, -1, 1, 0, 1, 0]
BOX$A3$197689[2, 1, 1, 0, 0, 0, -1, 1, 0]
BOX$A3$197689[2, 1, 1, 0, 0, 0, 0, 1, -1]
BOX$A3$197689[2, 1, 1, 0, 0, 1, -1, 0, 0]
BOX$A3$197689[2, 1, 1, 0, 0, 1, -1, 1, 0]
BOX$A3$197689[2, 1, 1, 0, 0, 1, 0, 0, -1]
BOX$A3$197689[2, 1, 1, 0, 0, 1, 0, 1, -1]
BOX$A3$197689[0, 1, 1, 0, 0, 1, 0, 2, 1]
BOX$A3$197689[0, 1, 1, 0, 0, 2, 0, 1, 1]
BOX$A3$197689[0, 1, 2, 0, 0, 1, 0, 1, 1]
BOX$A3$197689[1, 0, 1, 0, 0, 1, 0, 1, 2]
BOX$A3$197689[1, 0, 2, 0, 0, 1, 0, 1, 1]
BOX$A3$197689[1, 1, 0, 0, 0, 1, 0, 1, 2]
BOX$A3$197689[1, 1, 1, -1, 0, 1, 0, 1, 2]
BOX$A3$197689[1, 1, 1, -1, 0, 1, 0, 2, 1]
BOX$A3$197689[1, 1, 1, -1, 0, 2, 0, 1, 1]
BOX$A3$197689[1, 1, 1, 0, -1, 1, 0, 1, 2]
BOX$A3$197689[1, 1, 1, 0, 0, 0, 0, 1, 2]
BOX$A3$197689[1, 1, 1, 0, 0, 0, 0, 2, 1]
BOX$A3$197689[1, 1, 1, 0, 0, 1, -1, 1, 2]
BOX$A3$197689[1, 1, 1, 0, 0, 1, 0, 0, 2]
BOX$A3$197689[1, 1, 1, 0, 0, 1, 0, 1, 2]
BOX$A3$197689[1, 1, 1, 0, 0, 1, 0, 2, 1]
BOX$A3$197689[1, 1, 1, 0, 0, 2, 0, 0, 1]
BOX$A3$197689[1, 1, 1, 0, 0, 2, 0, 1, 1]
BOX$A3$197689[1, 1, 2, -1, 0, 1, 0, 1, 1]
BOX$A3$197689[1, 1, 2, 0, -1, 1, 0, 1, 1]
BOX$A3$197689[1, 1, 2, 0, 0, 1, -1, 1, 1]
BOX$A3$197689[1, 1, 2, 0, 0, 1, 0, 0, 1]
BOX$A3$197689[1, 1, 2, 0, 0, 1, 0, 1, 0]
BOX$A3$197689[1, 1, 2, 0, 0, 1, 0, 1, 1]
BOX$A3$197689[1, 2, 0, 0, 0, 1, 0, 1, 1]
BOX$A3$197689[1, 2, 1, -1, 0, 1, 0, 1, 1]
BOX$A3$197689[1, 2, 1, 0, -1, 1, 0, 1, 1]
BOX$A3$197689[1, 2, 1, 0, 0, 0, 0, 1, 1]
BOX$A3$197689[1, 2, 1, 0, 0, 1, -1, 1, 1]
BOX$A3$197689[1, 2, 1, 0, 0, 1, 0, 0, 1]
BOX$A3$197689[1, 2, 1, 0, 0, 1, 0, 1, 0]
BOX$A3$197689[1, 2, 1, 0, 0, 1, 0, 1, 1]
BOX$A3$197689[2, 1, 1, -1, 0, 1, 0, 1, 1]
BOX$A3$197689[2, 1, 1, 0, 0, 0, 0, 1, 1]
BOX$A3$197689[2, 1, 1, 0, 0, 1, 0, 0, 1]
BOX$A3$197689[2, 1, 1, 0, 0, 1, 0, 1, 1]
BOX$A3$197689[1, 1, 2, 0, 0, 1, 0, 1, 0]
BOX$A3$197689[1, 2, 1, 0, 0, 1, 0, 1, 0]
BOX$A3$197689[2, 0, 2, 0, 0, 1, 0, 1, 0]
BOX$A3$197689[2, 1, 2, -1, 0, 1, 0, 1, 0]
BOX$A3$197689[2, 1, 2, 0, -1, 1, 0, 1, 0]
BOX$A3$197689[2, 1, 2, 0, 0, 1, -1, 1, 0]
BOX$A3$197689[2, 1, 2, 0, 0, 1, 0, 1, 0]
BOX$A3$197689[2, 2, 0, 0, 0, 1, 0, 1, 0]
BOX$A3$197689[2, 2, 1, -1, 0, 1, 0, 1, 0]
BOX$A3$197689[2, 2, 1, 0, -1, 1, 0, 1, 0]
BOX$A3$197689[2, 2, 1, 0, 0, 0, 0, 1, 0]
BOX$A3$197689[2, 2, 1, 0, 0, 1, -1, 1, 0]
BOX$A3$197689[2, 2, 1, 0, 0, 1, 0, 1, 0]
BOX$A3$197689[1, 1, 1, 0, 0, 1, 0, 2, 2]
BOX$A3$197689[1, 1, 1, 0, 0, 2, 0, 1, 2]
BOX$A3$197689[1, 1, 2, 0, 0, 1, 0, 1, 2]
BOX$A3$197689[1, 1, 2, 0, 0, 1, 0, 2, 1]
BOX$A3$197689[1, 1, 2, 0, 0, 2, 0, 1, 1]
BOX$A3$197689[1, 2, 1, 0, 0, 1, 0, 2, 1]
BOX$A3$197689[1, 2, 1, 0, 0, 2, 0, 1, 1]
BOX$A3$197689[1, 2, 2, 0, 0, 1, 0, 1, 1]
BOX$A3$197689[2, 1, 1, 0, 0, 1, 0, 1, 2]
BOX$A3$197689[2, 1, 2, 0, 0, 1, 0, 1, 1]
BOX$A3$197689[2, 2, 1, 0, 0, 1, 0, 1, 1]
BOX$A3$197689[2, 1, 3, 0, 0, 1, 0, 1, 0]
BOX$A3$197689[2, 2, 2, 0, 0, 1, 0, 1, 0]