BOX$A2$2685[-2, 1, 1, 1, 0, 1, 0, 1, 1]
BOX$A2$2685[-1, 0, 1, 1, 0, 1, 0, 1, 1]
BOX$A2$2685[-1, 1, -1, 1, 0, 1, 0, 1, 1]
BOX$A2$2685[-1, 1, 0, 0, 0, 1, 0, 1, 1]
BOX$A2$2685[-1, 1, 0, 1, -1, 1, 0, 1, 1]
BOX$A2$2685[-1, 1, 0, 1, 0, 0, 0, 1, 1]
BOX$A2$2685[-1, 1, 0, 1, 0, 1, -1, 1, 1]
BOX$A2$2685[-1, 1, 0, 1, 0, 1, 0, 1, 0]
BOX$A2$2685[-1, 1, 0, 1, 0, 1, 0, 1, 1]
BOX$A2$2685[-1, 1, 1, -1, 0, 1, 0, 1, 1]
BOX$A2$2685[-1, 1, 1, 0, -1, 1, 0, 1, 1]
BOX$A2$2685[-1, 1, 1, 0, 0, 0, 0, 1, 1]
BOX$A2$2685[-1, 1, 1, 0, 0, 1, -1, 1, 1]
BOX$A2$2685[-1, 1, 1, 0, 0, 1, 0, 1, 0]
BOX$A2$2685[-1, 1, 1, 0, 0, 1, 0, 1, 1]
BOX$A2$2685[-1, 1, 1, 1, -1, 0, 0, 1, 1]
BOX$A2$2685[-1, 1, 1, 1, -1, 1, -1, 1, 1]
BOX$A2$2685[-1, 1, 1, 1, -1, 1, 0, 1, 1]
BOX$A2$2685[-1, 1, 1, 1, 0, -1, 0, 1, 1]
BOX$A2$2685[-1, 1, 1, 1, 0, 0, -1, 1, 1]
BOX$A2$2685[-1, 1, 1, 1, 0, 0, 0, 1, 0]
BOX$A2$2685[-1, 1, 1, 1, 0, 0, 0, 1, 1]
BOX$A2$2685[-1, 1, 1, 1, 0, 1, -2, 1, 1]
BOX$A2$2685[-1, 1, 1, 1, 0, 1, -1, 1, 0]
BOX$A2$2685[-1, 1, 1, 1, 0, 1, -1, 1, 1]
BOX$A2$2685[-1, 1, 1, 1, 0, 1, 0, 0, 1]
BOX$A2$2685[-1, 1, 1, 1, 0, 1, 0, 1, 0]
BOX$A2$2685[-1, 1, 1, 1, 0, 1, 0, 1, 1]
BOX$A2$2685[0, 0, 0, 0, 0, 1, 0, 1, 1]
BOX$A2$2685[0, 0, 0, 1, 0, 0, 0, 1, 1]
BOX$A2$2685[0, 0, 0, 1, 0, 1, 0, 0, 1]
BOX$A2$2685[0, 0, 0, 1, 0, 1, 0, 1, 1]
BOX$A2$2685[0, 0, 1, -1, 0, 1, 0, 1, 1]
BOX$A2$2685[0, 0, 1, 0, -1, 1, 0, 1, 1]
BOX$A2$2685[0, 0, 1, 0, 0, 0, 0, 1, 1]
BOX$A2$2685[0, 0, 1, 0, 0, 1, -1, 1, 1]
BOX$A2$2685[0, 0, 1, 0, 0, 1, 0, 0, 1]
BOX$A2$2685[0, 0, 1, 0, 0, 1, 0, 1, 0]
BOX$A2$2685[0, 0, 1, 0, 0, 1, 0, 1, 1]
BOX$A2$2685[0, 0, 1, 1, -1, 0, 0, 1, 1]
BOX$A2$2685[0, 0, 1, 1, -1, 1, 0, 1, 1]
BOX$A2$2685[0, 0, 1, 1, 0, -1, 0, 1, 1]
BOX$A2$2685[0, 0, 1, 1, 0, 0, -1, 1, 1]
BOX$A2$2685[0, 0, 1, 1, 0, 0, 0, 0, 1]
BOX$A2$2685[0, 0, 1, 1, 0, 0, 0, 1, 0]
BOX$A2$2685[0, 0, 1, 1, 0, 0, 0, 1, 1]
BOX$A2$2685[0, 0, 1, 1, 0, 1, -1, 0, 1]
BOX$A2$2685[0, 0, 1, 1, 0, 1, -1, 1, 1]
BOX$A2$2685[0, 0, 1, 1, 0, 1, 0, 0, 1]
BOX$A2$2685[0, 0, 1, 1, 0, 1, 0, 1, 0]
BOX$A2$2685[0, 0, 1, 1, 0, 1, 0, 1, 1]
BOX$A2$2685[0, 1, -1, 0, 0, 1, 0, 1, 1]
BOX$A2$2685[0, 1, -1, 1, 0, 1, 0, 0, 1]
BOX$A2$2685[0, 1, -1, 1, 0, 1, 0, 1, 1]
BOX$A2$2685[0, 1, 0, -1, 0, 1, 0, 1, 1]
BOX$A2$2685[0, 1, 0, 0, -1, 1, 0, 1, 1]
BOX$A2$2685[0, 1, 0, 0, 0, 0, 0, 1, 1]
BOX$A2$2685[0, 1, 0, 0, 0, 1, -1, 1, 1]
BOX$A2$2685[0, 1, 0, 0, 0, 1, 0, 0, 1]
BOX$A2$2685[0, 1, 0, 0, 0, 1, 0, 1, 0]
BOX$A2$2685[0, 1, 0, 0, 0, 1, 0, 1, 1]
BOX$A2$2685[0, 1, 0, 1, -1, 0, 0, 1, 1]
BOX$A2$2685[0, 1, 0, 1, -1, 1, 0, 0, 1]
BOX$A2$2685[0, 1, 0, 1, -1, 1, 0, 1, 1]
BOX$A2$2685[0, 1, 0, 1, 0, 0, 0, 0, 1]
BOX$A2$2685[0, 1, 0, 1, 0, 0, 0, 1, 0]
BOX$A2$2685[0, 1, 0, 1, 0, 0, 0, 1, 1]
BOX$A2$2685[0, 1, 0, 1, 0, 1, -1, 0, 1]
BOX$A2$2685[0, 1, 0, 1, 0, 1, -1, 1, 1]
BOX$A2$2685[0, 1, 0, 1, 0, 1, 0, 0, 1]
BOX$A2$2685[0, 1, 0, 1, 0, 1, 0, 1, 0]
BOX$A2$2685[0, 1, 0, 1, 0, 1, 0, 1, 1]
BOX$A2$2685[0, 1, 1, -2, 0, 1, 0, 1, 1]
BOX$A2$2685[0, 1, 1, -1, -1, 1, 0, 1, 1]
BOX$A2$2685[0, 1, 1, -1, 0, 0, 0, 1, 1]
BOX$A2$2685[0, 1, 1, -1, 0, 1, -1, 1, 1]
BOX$A2$2685[0, 1, 1, -1, 0, 1, 0, 0, 1]
BOX$A2$2685[0, 1, 1, -1, 0, 1, 0, 1, 0]
BOX$A2$2685[0, 1, 1, -1, 0, 1, 0, 1, 1]
BOX$A2$2685[0, 1, 1, 0, -2, 1, 0, 1, 1]
BOX$A2$2685[0, 1, 1, 0, -1, 0, 0, 1, 1]
BOX$A2$2685[0, 1, 1, 0, -1, 1, -1, 1, 1]
BOX$A2$2685[0, 1, 1, 0, -1, 1, 0, 0, 1]
BOX$A2$2685[0, 1, 1, 0, -1, 1, 0, 1, 0]
BOX$A2$2685[0, 1, 1, 0, -1, 1, 0, 1, 1]
BOX$A2$2685[0, 1, 1, 0, 0, -1, 0, 1, 1]
BOX$A2$2685[0, 1, 1, 0, 0, 0, -1, 1, 1]
BOX$A2$2685[0, 1, 1, 0, 0, 0, 0, 0, 1]
BOX$A2$2685[0, 1, 1, 0, 0, 0, 0, 1, 1]
BOX$A2$2685[0, 1, 1, 0, 0, 1, -2, 1, 1]
BOX$A2$2685[0, 1, 1, 0, 0, 1, -1, 0, 1]
BOX$A2$2685[0, 1, 1, 0, 0, 1, -1, 1, 0]
BOX$A2$2685[0, 1, 1, 0, 0, 1, -1, 1, 1]
BOX$A2$2685[0, 1, 1, 0, 0, 1, 0, 0, 1]
BOX$A2$2685[0, 1, 1, 0, 0, 1, 0, 1, 0]
BOX$A2$2685[0, 1, 1, 0, 0, 1, 0, 1, 1]
BOX$A2$2685[0, 1, 1, 1, -2, 0, 0, 1, 1]
BOX$A2$2685[0, 1, 1, 1, -2, 1, 0, 1, 1]
BOX$A2$2685[0, 1, 1, 1, -1, -1, 0, 1, 1]
BOX$A2$2685[0, 1, 1, 1, -1, 0, -1, 1, 1]
BOX$A2$2685[0, 1, 1, 1, -1, 0, 0, 0, 1]
BOX$A2$2685[0, 1, 1, 1, -1, 0, 0, 1, 0]
BOX$A2$2685[0, 1, 1, 1, -1, 0, 0, 1, 1]
BOX$A2$2685[0, 1, 1, 1, -1, 1, -1, 0, 1]
BOX$A2$2685[0, 1, 1, 1, -1, 1, -1, 1, 1]
BOX$A2$2685[0, 1, 1, 1, -1, 1, 0, 0, 1]
BOX$A2$2685[0, 1, 1, 1, -1, 1, 0, 1, 0]
BOX$A2$2685[0, 1, 1, 1, -1, 1, 0, 1, 1]
BOX$A2$2685[0, 1, 1, 1, 0, -1, 0, 0, 1]
BOX$A2$2685[0, 1, 1, 1, 0, -1, 0, 1, 0]
BOX$A2$2685[0, 1, 1, 1, 0, -1, 0, 1, 1]
BOX$A2$2685[0, 1, 1, 1, 0, 0, -1, 0, 1]
BOX$A2$2685[0, 1, 1, 1, 0, 0, -1, 1, 0]
BOX$A2$2685[0, 1, 1, 1, 0, 0, -1, 1, 1]
BOX$A2$2685[0, 1, 1, 1, 0, 0, 0, 0, 1]
BOX$A2$2685[0, 1, 1, 1, 0, 0, 0, 1, 0]
BOX$A2$2685[0, 1, 1, 1, 0, 0, 0, 1, 1]
BOX$A2$2685[0, 1, 1, 1, 0, 1, -2, 0, 1]
BOX$A2$2685[0, 1, 1, 1, 0, 1, -2, 1, 1]
BOX$A2$2685[0, 1, 1, 1, 0, 1, -1, 0, 1]
BOX$A2$2685[0, 1, 1, 1, 0, 1, -1, 1, 0]
BOX$A2$2685[0, 1, 1, 1, 0, 1, -1, 1, 1]
BOX$A2$2685[0, 1, 1, 1, 0, 1, 0, -1, 1]
BOX$A2$2685[0, 1, 1, 1, 0, 1, 0, 0, 0]
BOX$A2$2685[0, 1, 1, 1, 0, 1, 0, 0, 1]
BOX$A2$2685[0, 1, 1, 1, 0, 1, 0, 1, -1]
BOX$A2$2685[0, 1, 1, 1, 0, 1, 0, 1, 0]
BOX$A2$2685[0, 1, 1, 1, 0, 1, 0, 1, 1]
BOX$A2$2685[1, -1, 1, 0, 0, 0, 0, 1, 1]
BOX$A2$2685[1, -1, 1, 0, 0, 1, 0, 0, 1]
BOX$A2$2685[1, -1, 1, 0, 0, 1, 0, 1, 1]
BOX$A2$2685[1, -1, 1, 1, 0, -1, 0, 1, 1]
BOX$A2$2685[1, -1, 1, 1, 0, 0, 0, 0, 1]
BOX$A2$2685[1, -1, 1, 1, 0, 0, 0, 1, 1]
BOX$A2$2685[1, -1, 1, 1, 0, 1, 0, 0, 1]
BOX$A2$2685[1, -1, 1, 1, 0, 1, 0, 1, 1]
BOX$A2$2685[1, 0, 0, 0, 0, 0, 0, 1, 1]
BOX$A2$2685[1, 0, 0, 0, 0, 1, 0, 0, 1]
BOX$A2$2685[1, 0, 0, 0, 0, 1, 0, 1, 1]
BOX$A2$2685[1, 0, 0, 1, 0, 0, 0, 0, 1]
BOX$A2$2685[1, 0, 0, 1, 0, 0, 0, 1, 1]
BOX$A2$2685[1, 0, 0, 1, 0, 1, 0, 0, 1]
BOX$A2$2685[1, 0, 0, 1, 0, 1, 0, 1, 1]
BOX$A2$2685[1, 0, 1, -1, 0, 0, 0, 1, 1]
BOX$A2$2685[1, 0, 1, -1, 0, 1, 0, 0, 1]
BOX$A2$2685[1, 0, 1, -1, 0, 1, 0, 1, 1]
BOX$A2$2685[1, 0, 1, 0, -1, 0, 0, 1, 1]
BOX$A2$2685[1, 0, 1, 0, -1, 1, 0, 0, 1]
BOX$A2$2685[1, 0, 1, 0, -1, 1, 0, 1, 1]
BOX$A2$2685[1, 0, 1, 0, 0, -1, 0, 1, 1]
BOX$A2$2685[1, 0, 1, 0, 0, 0, -1, 1, 1]
BOX$A2$2685[1, 0, 1, 0, 0, 0, 0, 0, 1]
BOX$A2$2685[1, 0, 1, 0, 0, 0, 0, 1, 0]
BOX$A2$2685[1, 0, 1, 0, 0, 0, 0, 1, 1]
BOX$A2$2685[1, 0, 1, 0, 0, 1, -1, 0, 1]
BOX$A2$2685[1, 0, 1, 0, 0, 1, -1, 1, 1]
BOX$A2$2685[1, 0, 1, 0, 0, 1, 0, 0, 1]
BOX$A2$2685[1, 0, 1, 0, 0, 1, 0, 1, 0]
BOX$A2$2685[1, 0, 1, 0, 0, 1, 0, 1, 1]
BOX$A2$2685[1, 0, 1, 1, -1, -1, 0, 1, 1]
BOX$A2$2685[1, 0, 1, 1, -1, 0, 0, 0, 1]
BOX$A2$2685[1, 0, 1, 1, -1, 0, 0, 1, 1]
BOX$A2$2685[1, 0, 1, 1, -1, 1, 0, 0, 1]
BOX$A2$2685[1, 0, 1, 1, -1, 1, 0, 1, 1]
BOX$A2$2685[1, 0, 1, 1, 0, -1, 0, 0, 1]
BOX$A2$2685[1, 0, 1, 1, 0, -1, 0, 1, 0]
BOX$A2$2685[1, 0, 1, 1, 0, -1, 0, 1, 1]
BOX$A2$2685[1, 0, 1, 1, 0, 0, -1, 0, 1]
BOX$A2$2685[1, 0, 1, 1, 0, 0, -1, 1, 1]
BOX$A2$2685[1, 0, 1, 1, 0, 0, 0, 0, 1]
BOX$A2$2685[1, 0, 1, 1, 0, 0, 0, 1, 0]
BOX$A2$2685[1, 0, 1, 1, 0, 0, 0, 1, 1]
BOX$A2$2685[1, 0, 1, 1, 0, 1, -1, 0, 1]
BOX$A2$2685[1, 0, 1, 1, 0, 1, -1, 1, 1]
BOX$A2$2685[1, 0, 1, 1, 0, 1, 0, -1, 1]
BOX$A2$2685[1, 0, 1, 1, 0, 1, 0, 0, 0]
BOX$A2$2685[1, 0, 1, 1, 0, 1, 0, 0, 1]
BOX$A2$2685[1, 0, 1, 1, 0, 1, 0, 1, 0]
BOX$A2$2685[1, 0, 1, 1, 0, 1, 0, 1, 1]
BOX$A2$2685[1, 1, -1, 0, 0, 1, 0, 0, 1]
BOX$A2$2685[1, 1, -1, 0, 0, 1, 0, 1, 1]
BOX$A2$2685[1, 1, -1, 1, 0, 0, 0, 1, 1]
BOX$A2$2685[1, 1, -1, 1, 0, 1, 0, 0, 1]
BOX$A2$2685[1, 1, -1, 1, 0, 1, 0, 1, 1]
BOX$A2$2685[1, 1, 0, -1, 0, 1, 0, 0, 1]
BOX$A2$2685[1, 1, 0, -1, 0, 1, 0, 1, 1]
BOX$A2$2685[1, 1, 0, 0, -1, 1, 0, 0, 1]
BOX$A2$2685[1, 1, 0, 0, -1, 1, 0, 1, 1]
BOX$A2$2685[1, 1, 0, 0, 0, 0, 0, 0, 1]
BOX$A2$2685[1, 1, 0, 0, 0, 0, 0, 1, 0]
BOX$A2$2685[1, 1, 0, 0, 0, 0, 0, 1, 1]
BOX$A2$2685[1, 1, 0, 0, 0, 1, -1, 0, 1]
BOX$A2$2685[1, 1, 0, 0, 0, 1, -1, 1, 1]
BOX$A2$2685[1, 1, 0, 0, 0, 1, 0, 0, 1]
BOX$A2$2685[1, 1, 0, 0, 0, 1, 0, 1, 0]
BOX$A2$2685[1, 1, 0, 0, 0, 1, 0, 1, 1]
BOX$A2$2685[1, 1, 0, 1, -1, 0, 0, 0, 1]
BOX$A2$2685[1, 1, 0, 1, -1, 0, 0, 1, 1]
BOX$A2$2685[1, 1, 0, 1, -1, 1, 0, 0, 1]
BOX$A2$2685[1, 1, 0, 1, -1, 1, 0, 1, 1]
BOX$A2$2685[1, 1, 0, 1, 0, -1, 0, 1, 1]
BOX$A2$2685[1, 1, 0, 1, 0, 0, -1, 1, 1]
BOX$A2$2685[1, 1, 0, 1, 0, 0, 0, 0, 1]
BOX$A2$2685[1, 1, 0, 1, 0, 0, 0, 1, 0]
BOX$A2$2685[1, 1, 0, 1, 0, 0, 0, 1, 1]
BOX$A2$2685[1, 1, 0, 1, 0, 1, -1, 0, 1]
BOX$A2$2685[1, 1, 0, 1, 0, 1, -1, 1, 1]
BOX$A2$2685[1, 1, 0, 1, 0, 1, 0, -1, 1]
BOX$A2$2685[1, 1, 0, 1, 0, 1, 0, 0, 0]
BOX$A2$2685[1, 1, 0, 1, 0, 1, 0, 0, 1]
BOX$A2$2685[1, 1, 0, 1, 0, 1, 0, 1, 0]
BOX$A2$2685[1, 1, 0, 1, 0, 1, 0, 1, 1]
BOX$A2$2685[1, 1, 1, -2, 0, 1, 0, 0, 1]
BOX$A2$2685[1, 1, 1, -2, 0, 1, 0, 1, 1]
BOX$A2$2685[1, 1, 1, -1, -1, 1, 0, 0, 1]
BOX$A2$2685[1, 1, 1, -1, -1, 1, 0, 1, 1]
BOX$A2$2685[1, 1, 1, -1, 0, 0, 0, 0, 1]
BOX$A2$2685[1, 1, 1, -1, 0, 0, 0, 1, 0]
BOX$A2$2685[1, 1, 1, -1, 0, 0, 0, 1, 1]
BOX$A2$2685[1, 1, 1, -1, 0, 1, -1, 0, 1]
BOX$A2$2685[1, 1, 1, -1, 0, 1, -1, 1, 1]
BOX$A2$2685[1, 1, 1, -1, 0, 1, 0, 0, 1]
BOX$A2$2685[1, 1, 1, -1, 0, 1, 0, 1, 0]
BOX$A2$2685[1, 1, 1, -1, 0, 1, 0, 1, 1]
BOX$A2$2685[1, 1, 1, 0, -2, 1, 0, 0, 1]
BOX$A2$2685[1, 1, 1, 0, -2, 1, 0, 1, 1]
BOX$A2$2685[1, 1, 1, 0, -1, 0, 0, 0, 1]
BOX$A2$2685[1, 1, 1, 0, -1, 0, 0, 1, 0]
BOX$A2$2685[1, 1, 1, 0, -1, 0, 0, 1, 1]
BOX$A2$2685[1, 1, 1, 0, -1, 1, -1, 0, 1]
BOX$A2$2685[1, 1, 1, 0, -1, 1, -1, 1, 1]
BOX$A2$2685[1, 1, 1, 0, -1, 1, 0, 0, 1]
BOX$A2$2685[1, 1, 1, 0, -1, 1, 0, 1, 0]
BOX$A2$2685[1, 1, 1, 0, -1, 1, 0, 1, 1]
BOX$A2$2685[1, 1, 1, 0, 0, -1, 0, 0, 1]
BOX$A2$2685[1, 1, 1, 0, 0, -1, 0, 1, 0]
BOX$A2$2685[1, 1, 1, 0, 0, -1, 0, 1, 1]
BOX$A2$2685[1, 1, 1, 0, 0, 0, -1, 0, 1]
BOX$A2$2685[1, 1, 1, 0, 0, 0, -1, 1, 0]
BOX$A2$2685[1, 1, 1, 0, 0, 0, -1, 1, 1]
BOX$A2$2685[1, 1, 1, 0, 0, 0, 0, 0, 1]
BOX$A2$2685[1, 1, 1, 0, 0, 0, 0, 1, 0]
BOX$A2$2685[1, 1, 1, 0, 0, 0, 0, 1, 1]
BOX$A2$2685[1, 1, 1, 0, 0, 1, -2, 0, 1]
BOX$A2$2685[1, 1, 1, 0, 0, 1, -1, 0, 1]
BOX$A2$2685[1, 1, 1, 0, 0, 1, -1, 1, 0]
BOX$A2$2685[1, 1, 1, 0, 0, 1, -1, 1, 1]
BOX$A2$2685[1, 1, 1, 0, 0, 1, 0, -1, 1]
BOX$A2$2685[1, 1, 1, 0, 0, 1, 0, 0, 0]
BOX$A2$2685[1, 1, 1, 0, 0, 1, 0, 0, 1]
BOX$A2$2685[1, 1, 1, 0, 0, 1, 0, 1, -1]
BOX$A2$2685[1, 1, 1, 0, 0, 1, 0, 1, 0]
BOX$A2$2685[1, 1, 1, 0, 0, 1, 0, 1, 1]
BOX$A2$2685[1, 1, 1, 1, -2, 0, 0, 0, 1]
BOX$A2$2685[1, 1, 1, 1, -2, 0, 0, 1, 1]
BOX$A2$2685[1, 1, 1, 1, -2, 1, 0, 0, 1]
BOX$A2$2685[1, 1, 1, 1, -2, 1, 0, 1, 1]
BOX$A2$2685[1, 1, 1, 1, -1, -1, 0, 0, 1]
BOX$A2$2685[1, 1, 1, 1, -1, -1, 0, 1, 0]
BOX$A2$2685[1, 1, 1, 1, -1, -1, 0, 1, 1]
BOX$A2$2685[1, 1, 1, 1, -1, 0, -1, 0, 1]
BOX$A2$2685[1, 1, 1, 1, -1, 0, 0, 0, 1]
BOX$A2$2685[1, 1, 1, 1, -1, 0, 0, 1, 0]
BOX$A2$2685[1, 1, 1, 1, -1, 0, 0, 1, 1]
BOX$A2$2685[1, 1, 1, 1, -1, 1, -1, 0, 1]
BOX$A2$2685[1, 1, 1, 1, -1, 1, 0, -1, 1]
BOX$A2$2685[1, 1, 1, 1, -1, 1, 0, 0, 0]
BOX$A2$2685[1, 1, 1, 1, -1, 1, 0, 0, 1]
BOX$A2$2685[1, 1, 1, 1, -1, 1, 0, 1, 0]
BOX$A2$2685[1, 1, 1, 1, -1, 1, 0, 1, 1]
BOX$A2$2685[1, 1, 1, 1, 0, -1, 0, 0, 1]
BOX$A2$2685[1, 1, 1, 1, 0, -1, 0, 1, 0]
BOX$A2$2685[1, 1, 1, 1, 0, -1, 0, 1, 1]
BOX$A2$2685[1, 1, 1, 1, 0, 0, -1, 0, 1]
BOX$A2$2685[1, 1, 1, 1, 0, 0, 0, -1, 1]
BOX$A2$2685[1, 1, 1, 1, 0, 0, 0, 0, 0]
BOX$A2$2685[1, 1, 1, 1, 0, 0, 0, 0, 1]
BOX$A2$2685[1, 1, 1, 1, 0, 0, 0, 1, 0]
BOX$A2$2685[1, 1, 1, 1, 0, 0, 0, 1, 1]
BOX$A2$2685[1, 1, 1, 1, 0, 1, -1, -1, 1]
BOX$A2$2685[1, 1, 1, 1, 0, 1, -1, 0, 1]
BOX$A2$2685[1, 1, 1, 1, 0, 1, 0, -1, 1]
BOX$A2$2685[1, 1, 1, 1, 0, 1, 0, 0, 0]
BOX$A2$2685[1, 1, 1, 1, 0, 1, 0, 0, 1]
BOX$A2$2685[1, 1, 1, 1, 0, 1, 0, 1, 0]
BOX$A2$2685[1, 1, 1, 1, 0, 1, 0, 1, 1]
BOX$A2$2685[-1, 0, 0, 1, 0, 1, 0, 2, 1]
BOX$A2$2685[-1, 0, 1, 1, 0, 1, 0, 2, 0]
BOX$A2$2685[-1, 0, 1, 1, 0, 1, 0, 2, 1]
BOX$A2$2685[0, -1, 1, 1, 0, 1, 0, 1, 1]
BOX$A2$2685[0, 0, 0, 0, 0, 1, 0, 2, 1]
BOX$A2$2685[0, 0, 0, 1, 0, 0, 0, 2, 1]
BOX$A2$2685[0, 0, 0, 1, 0, 1, 0, 2, 1]
BOX$A2$2685[0, 0, 1, 0, 0, 1, 0, 2, 0]
BOX$A2$2685[0, 0, 1, 0, 0, 1, 0, 2, 1]
BOX$A2$2685[0, 0, 1, 1, 0, 0, 0, 2, 0]
BOX$A2$2685[0, 0, 1, 1, 0, 0, 0, 2, 1]
BOX$A2$2685[0, 0, 1, 1, 0, 1, 0, 2, 0]
BOX$A2$2685[0, 0, 1, 1, 0, 1, 0, 2, 1]
BOX$A2$2685[1, 0, 0, -1, 0, 1, 0, 2, 1]
BOX$A2$2685[1, 0, 0, 0, 0, 0, 0, 2, 1]
BOX$A2$2685[1, 0, 0, 0, 0, 1, 0, 2, 1]
BOX$A2$2685[1, 0, 0, 1, 0, -1, 0, 2, 1]
BOX$A2$2685[1, 0, 0, 1, 0, 0, 0, 2, 1]
BOX$A2$2685[1, 0, 0, 1, 0, 1, 0, 2, 1]
BOX$A2$2685[1, 0, 1, -1, 0, 1, 0, 2, 0]
BOX$A2$2685[1, 0, 1, -1, 0, 1, 0, 2, 1]
BOX$A2$2685[1, 0, 1, 0, 0, 0, 0, 2, 0]
BOX$A2$2685[1, 0, 1, 0, 0, 0, 0, 2, 1]
BOX$A2$2685[1, 0, 1, 0, 0, 1, 0, 2, 0]
BOX$A2$2685[1, 0, 1, 0, 0, 1, 0, 2, 1]
BOX$A2$2685[1, 0, 1, 1, 0, -1, 0, 2, 0]
BOX$A2$2685[1, 0, 1, 1, 0, -1, 0, 2, 1]
BOX$A2$2685[1, 0, 1, 1, 0, 0, 0, 2, 0]
BOX$A2$2685[1, 0, 1, 1, 0, 0, 0, 2, 1]
BOX$A2$2685[1, 0, 1, 1, 0, 1, 0, 2, 0]
BOX$A2$2685[1, 0, 1, 1, 0, 1, 0, 2, 1]
BOX$A2$2685[-1, 1, 1, 1, 0, 1, 0, 2, 1]
BOX$A2$2685[-1, 1, 1, 1, 0, 2, 0, 1, 1]
BOX$A2$2685[-1, 1, 1, 2, 0, 1, 0, 1, 1]
BOX$A2$2685[-1, 1, 2, 1, 0, 1, 0, 1, 1]
BOX$A2$2685[0, 0, 2, 1, 0, 1, 0, 1, 1]
BOX$A2$2685[0, 1, 1, 0, 0, 1, 0, 2, 1]
BOX$A2$2685[0, 1, 1, 0, 0, 2, 0, 1, 1]
BOX$A2$2685[0, 1, 1, 1, 0, 0, 0, 2, 1]
BOX$A2$2685[0, 1, 1, 1, 0, 1, 0, 1, 2]
BOX$A2$2685[0, 1, 1, 1, 0, 1, 0, 2, 1]
BOX$A2$2685[0, 1, 1, 1, 0, 2, 0, 0, 1]
BOX$A2$2685[0, 1, 1, 1, 0, 2, 0, 1, 1]
BOX$A2$2685[0, 1, 1, 2, 0, 0, 0, 1, 1]
BOX$A2$2685[0, 1, 1, 2, 0, 1, 0, 0, 1]
BOX$A2$2685[0, 1, 1, 2, 0, 1, 0, 1, 1]
BOX$A2$2685[0, 1, 2, 0, 0, 1, 0, 1, 1]
BOX$A2$2685[0, 1, 2, 1, -1, 1, 0, 1, 1]
BOX$A2$2685[0, 1, 2, 1, 0, 1, -1, 1, 1]
BOX$A2$2685[0, 1, 2, 1, 0, 1, 0, 0, 1]
BOX$A2$2685[0, 1, 2, 1, 0, 1, 0, 1, 0]
BOX$A2$2685[0, 1, 2, 1, 0, 1, 0, 1, 1]
BOX$A2$2685[0, 2, 1, 1, 0, 1, 0, 1, 1]
BOX$A2$2685[1, -1, 1, 1, 0, 1, 0, 1, 2]
BOX$A2$2685[1, -1, 2, 1, 0, 1, 0, 1, 1]
BOX$A2$2685[1, 0, 0, 1, 0, 1, 0, 1, 2]
BOX$A2$2685[1, 0, 1, 0, 0, 1, 0, 1, 2]
BOX$A2$2685[1, 0, 1, 1, -1, 1, 0, 1, 2]
BOX$A2$2685[1, 0, 1, 1, 0, 0, 0, 1, 2]
BOX$A2$2685[1, 0, 1, 1, 0, 1, -1, 1, 2]
BOX$A2$2685[1, 0, 1, 1, 0, 1, 0, 1, 2]
BOX$A2$2685[1, 0, 2, 0, 0, 1, 0, 1, 1]
BOX$A2$2685[1, 0, 2, 1, -1, 1, 0, 1, 1]
BOX$A2$2685[1, 0, 2, 1, 0, 1, -1, 1, 1]
BOX$A2$2685[1, 0, 2, 1, 0, 1, 0, 0, 1]
BOX$A2$2685[1, 0, 2, 1, 0, 1, 0, 1, 0]
BOX$A2$2685[1, 0, 2, 1, 0, 1, 0, 1, 1]
BOX$A2$2685[1, 1, -1, 1, 0, 1, 0, 1, 2]
BOX$A2$2685[1, 1, 0, 0, 0, 1, 0, 1, 2]
BOX$A2$2685[1, 1, 0, 1, -1, 1, 0, 1, 2]
BOX$A2$2685[1, 1, 0, 1, 0, 0, 0, 1, 2]
BOX$A2$2685[1, 1, 0, 1, 0, 1, -1, 1, 2]
BOX$A2$2685[1, 1, 0, 1, 0, 1, 0, 1, 2]
BOX$A2$2685[1, 1, 1, -1, 0, 1, 0, 1, 2]
BOX$A2$2685[1, 1, 1, -1, 0, 1, 0, 2, 1]
BOX$A2$2685[1, 1, 1, -1, 0, 2, 0, 1, 1]
BOX$A2$2685[1, 1, 1, 0, -1, 1, 0, 1, 2]
BOX$A2$2685[1, 1, 1, 0, 0, 0, 0, 1, 2]
BOX$A2$2685[1, 1, 1, 0, 0, 0, 0, 2, 1]
BOX$A2$2685[1, 1, 1, 0, 0, 1, -1, 1, 2]
BOX$A2$2685[1, 1, 1, 0, 0, 1, 0, 1, 2]
BOX$A2$2685[1, 1, 1, 0, 0, 1, 0, 2, 1]
BOX$A2$2685[1, 1, 1, 0, 0, 2, 0, 0, 1]
BOX$A2$2685[1, 1, 1, 0, 0, 2, 0, 1, 1]
BOX$A2$2685[1, 1, 1, 1, -2, 1, 0, 1, 2]
BOX$A2$2685[1, 1, 1, 1, -1, 0, 0, 1, 2]
BOX$A2$2685[1, 1, 1, 1, -1, 1, -1, 1, 2]
BOX$A2$2685[1, 1, 1, 1, -1, 1, 0, 1, 2]
BOX$A2$2685[1, 1, 1, 1, 0, -1, 0, 1, 2]
BOX$A2$2685[1, 1, 1, 1, 0, -1, 0, 2, 1]
BOX$A2$2685[1, 1, 1, 1, 0, 0, -1, 1, 2]
BOX$A2$2685[1, 1, 1, 1, 0, 0, 0, 1, 2]
BOX$A2$2685[1, 1, 1, 1, 0, 0, 0, 2, 1]
BOX$A2$2685[1, 1, 1, 1, 0, 1, -2, 1, 2]
BOX$A2$2685[1, 1, 1, 1, 0, 1, -1, 1, 1]
BOX$A2$2685[1, 1, 1, 1, 0, 1, -1, 1, 2]
BOX$A2$2685[1, 1, 1, 1, 0, 1, 0, 1, 2]
BOX$A2$2685[1, 1, 1, 1, 0, 1, 0, 2, 1]
BOX$A2$2685[1, 1, 1, 1, 0, 2, 0, -1, 1]
BOX$A2$2685[1, 1, 1, 1, 0, 2, 0, 0, 1]
BOX$A2$2685[1, 1, 1, 1, 0, 2, 0, 1, 1]
BOX$A2$2685[1, 1, 1, 2, 0, -1, 0, 1, 1]
BOX$A2$2685[1, 1, 1, 2, 0, 0, 0, 0, 1]
BOX$A2$2685[1, 1, 1, 2, 0, 0, 0, 1, 1]
BOX$A2$2685[1, 1, 1, 2, 0, 1, 0, -1, 1]
BOX$A2$2685[1, 1, 1, 2, 0, 1, 0, 0, 1]
BOX$A2$2685[1, 1, 1, 2, 0, 1, 0, 1, 1]
BOX$A2$2685[1, 1, 2, -1, 0, 1, 0, 1, 1]
BOX$A2$2685[1, 1, 2, 0, -1, 1, 0, 1, 1]
BOX$A2$2685[1, 1, 2, 0, 0, 1, -1, 1, 1]
BOX$A2$2685[1, 1, 2, 0, 0, 1, 0, 0, 1]
BOX$A2$2685[1, 1, 2, 0, 0, 1, 0, 1, 0]
BOX$A2$2685[1, 1, 2, 0, 0, 1, 0, 1, 1]
BOX$A2$2685[1, 1, 2, 1, -2, 1, 0, 1, 1]
BOX$A2$2685[1, 1, 2, 1, -1, 1, -1, 1, 1]
BOX$A2$2685[1, 1, 2, 1, -1, 1, 0, 0, 1]
BOX$A2$2685[1, 1, 2, 1, -1, 1, 0, 1, 0]
BOX$A2$2685[1, 1, 2, 1, -1, 1, 0, 1, 1]
BOX$A2$2685[1, 1, 2, 1, 0, 1, -2, 1, 1]
BOX$A2$2685[1, 1, 2, 1, 0, 1, -1, 0, 1]
BOX$A2$2685[1, 1, 2, 1, 0, 1, -1, 1, 0]
BOX$A2$2685[1, 1, 2, 1, 0, 1, -1, 1, 1]
BOX$A2$2685[1, 1, 2, 1, 0, 1, 0, -1, 1]
BOX$A2$2685[1, 1, 2, 1, 0, 1, 0, 0, 0]
BOX$A2$2685[1, 1, 2, 1, 0, 1, 0, 0, 1]
BOX$A2$2685[1, 1, 2, 1, 0, 1, 0, 1, -1]
BOX$A2$2685[1, 1, 2, 1, 0, 1, 0, 1, 0]
BOX$A2$2685[1, 1, 2, 1, 0, 1, 0, 1, 1]
BOX$A2$2685[1, 2, -1, 1, 0, 1, 0, 1, 1]
BOX$A2$2685[1, 2, 0, 0, 0, 1, 0, 1, 1]
BOX$A2$2685[1, 2, 0, 1, -1, 1, 0, 1, 1]
BOX$A2$2685[1, 2, 0, 1, 0, 0, 0, 1, 1]
BOX$A2$2685[1, 2, 0, 1, 0, 1, -1, 1, 1]
BOX$A2$2685[1, 2, 0, 1, 0, 1, 0, 1, 0]
BOX$A2$2685[1, 2, 0, 1, 0, 1, 0, 1, 1]
BOX$A2$2685[1, 2, 1, -1, 0, 1, 0, 1, 1]
BOX$A2$2685[1, 2, 1, 0, -1, 1, 0, 1, 1]
BOX$A2$2685[1, 2, 1, 0, 0, 0, 0, 1, 1]
BOX$A2$2685[1, 2, 1, 0, 0, 1, -1, 1, 1]
BOX$A2$2685[1, 2, 1, 0, 0, 1, 0, 1, 0]
BOX$A2$2685[1, 2, 1, 0, 0, 1, 0, 1, 1]
BOX$A2$2685[1, 2, 1, 1, -2, 1, 0, 1, 1]
BOX$A2$2685[1, 2, 1, 1, -1, 0, 0, 1, 1]
BOX$A2$2685[1, 2, 1, 1, -1, 1, -1, 1, 1]
BOX$A2$2685[1, 2, 1, 1, -1, 1, 0, 1, 0]
BOX$A2$2685[1, 2, 1, 1, -1, 1, 0, 1, 1]
BOX$A2$2685[1, 2, 1, 1, 0, -1, 0, 1, 1]
BOX$A2$2685[1, 2, 1, 1, 0, 0, -1, 1, 1]
BOX$A2$2685[1, 2, 1, 1, 0, 0, 0, 1, 0]
BOX$A2$2685[1, 2, 1, 1, 0, 0, 0, 1, 1]
BOX$A2$2685[1, 2, 1, 1, 0, 1, -2, 1, 1]
BOX$A2$2685[1, 2, 1, 1, 0, 1, -1, 1, 0]
BOX$A2$2685[1, 2, 1, 1, 0, 1, -1, 1, 1]
BOX$A2$2685[1, 2, 1, 1, 0, 1, 0, 1, -1]
BOX$A2$2685[1, 2, 1, 1, 0, 1, 0, 1, 0]
BOX$A2$2685[1, 2, 1, 1, 0, 1, 0, 1, 1]
BOX$A2$2685[2, 1, 1, -1, 0, 1, 0, 1, 1]
BOX$A2$2685[2, 1, 1, 0, 0, 0, 0, 1, 1]
BOX$A2$2685[2, 1, 1, 0, 0, 1, 0, 0, 1]
BOX$A2$2685[2, 1, 1, 0, 0, 1, 0, 1, 1]
BOX$A2$2685[2, 1, 1, 1, 0, -1, 0, 1, 1]
BOX$A2$2685[2, 1, 1, 1, 0, 0, 0, 0, 1]
BOX$A2$2685[2, 1, 1, 1, 0, 0, 0, 1, 1]
BOX$A2$2685[2, 1, 1, 1, 0, 1, 0, -1, 1]
BOX$A2$2685[2, 1, 1, 1, 0, 1, 0, 0, 1]
BOX$A2$2685[2, 1, 1, 1, 0, 1, 0, 1, 1]
BOX$A2$2685[1, 0, 0, 1, 0, 1, 0, 2, 2]
BOX$A2$2685[1, 0, 1, 1, 0, 1, 0, 2, 2]
BOX$A2$2685[1, 0, 2, 1, 0, 1, 0, 2, 0]
BOX$A2$2685[1, 0, 2, 1, 0, 1, 0, 2, 1]
BOX$A2$2685[1, 1, 1, 1, 0, 1, 0, 2, 2]
BOX$A2$2685[1, 1, 1, 1, 0, 2, 0, 1, 2]
BOX$A2$2685[1, 1, 1, 2, 0, 1, 0, 1, 2]
BOX$A2$2685[1, 1, 2, 1, 0, 1, 0, 1, 2]
BOX$A2$2685[1, 1, 2, 1, 0, 1, 0, 2, 1]
BOX$A2$2685[1, 1, 2, 1, 0, 2, 0, 1, 1]
BOX$A2$2685[1, 1, 2, 2, 0, 1, 0, 1, 1]
BOX$A2$2685[1, 2, 1, 1, 0, 1, 0, 2, 1]
BOX$A2$2685[1, 2, 1, 1, 0, 2, 0, 1, 1]
BOX$A2$2685[1, 2, 1, 2, 0, 1, 0, 1, 1]
BOX$A2$2685[1, 2, 2, 1, 0, 1, 0, 1, 1]
BOX$A2$2685[2, 1, 1, 1, 0, 1, 0, 1, 2]
BOX$A2$2685[2, 1, 2, 1, 0, 1, 0, 1, 1]
BOX$A2$2685[2, 2, 1, 1, 0, 1, 0, 1, 1]
BOX$A2$2685[1, 0, 1, 1, 0, 1, 0, 2, 3]
BOX$A2$2685[1, 0, 2, 1, 0, 1, 0, 2, 2]