BOX$D2$6094[-1, 0, 0, 1, 0, 1, 0, 2, 1]
BOX$D2$6094[-1, 0, 1, 1, 0, 1, 0, 2, 0]
BOX$D2$6094[-1, 0, 1, 1, 0, 1, 0, 2, 1]
BOX$D2$6094[0, -1, 1, 1, 0, 1, 0, 1, 1]
BOX$D2$6094[0, 0, 0, 0, 0, 1, 0, 2, 1]
BOX$D2$6094[0, 0, 0, 1, 0, 0, 0, 2, 1]
BOX$D2$6094[0, 0, 0, 1, 0, 1, 0, 1, 1]
BOX$D2$6094[0, 0, 0, 1, 0, 1, 0, 2, 1]
BOX$D2$6094[0, 0, 1, 0, 0, 1, 0, 2, 0]
BOX$D2$6094[0, 0, 1, 0, 0, 1, 0, 2, 1]
BOX$D2$6094[0, 0, 1, 1, -1, 1, 0, 1, 1]
BOX$D2$6094[0, 0, 1, 1, 0, 0, 0, 2, 0]
BOX$D2$6094[0, 0, 1, 1, 0, 0, 0, 2, 1]
BOX$D2$6094[0, 0, 1, 1, 0, 1, -1, 1, 1]
BOX$D2$6094[0, 0, 1, 1, 0, 1, 0, 1, 0]
BOX$D2$6094[0, 0, 1, 1, 0, 1, 0, 1, 1]
BOX$D2$6094[0, 0, 1, 1, 0, 1, 0, 2, 0]
BOX$D2$6094[0, 0, 1, 1, 0, 1, 0, 2, 1]
BOX$D2$6094[1, -1, 1, 0, 0, 1, 0, 1, 1]
BOX$D2$6094[1, -1, 1, 1, 0, 0, 0, 1, 1]
BOX$D2$6094[1, -1, 1, 1, 0, 1, 0, 0, 1]
BOX$D2$6094[1, -1, 1, 1, 0, 1, 0, 1, 1]
BOX$D2$6094[1, 0, 0, -1, 0, 1, 0, 2, 1]
BOX$D2$6094[1, 0, 0, 0, 0, 0, 0, 2, 1]
BOX$D2$6094[1, 0, 0, 0, 0, 1, 0, 1, 1]
BOX$D2$6094[1, 0, 0, 0, 0, 1, 0, 2, 1]
BOX$D2$6094[1, 0, 0, 1, 0, -1, 0, 2, 1]
BOX$D2$6094[1, 0, 0, 1, 0, 0, 0, 1, 1]
BOX$D2$6094[1, 0, 0, 1, 0, 0, 0, 2, 1]
BOX$D2$6094[1, 0, 0, 1, 0, 1, 0, 0, 1]
BOX$D2$6094[1, 0, 0, 1, 0, 1, 0, 1, 1]
BOX$D2$6094[1, 0, 0, 1, 0, 1, 0, 2, 1]
BOX$D2$6094[1, 0, 1, -1, 0, 1, 0, 2, 0]
BOX$D2$6094[1, 0, 1, -1, 0, 1, 0, 2, 1]
BOX$D2$6094[1, 0, 1, 0, -1, 1, 0, 1, 1]
BOX$D2$6094[1, 0, 1, 0, 0, 0, 0, 2, 0]
BOX$D2$6094[1, 0, 1, 0, 0, 0, 0, 2, 1]
BOX$D2$6094[1, 0, 1, 0, 0, 1, -1, 1, 1]
BOX$D2$6094[1, 0, 1, 0, 0, 1, 0, 1, 0]
BOX$D2$6094[1, 0, 1, 0, 0, 1, 0, 1, 1]
BOX$D2$6094[1, 0, 1, 0, 0, 1, 0, 2, 0]
BOX$D2$6094[1, 0, 1, 0, 0, 1, 0, 2, 1]
BOX$D2$6094[1, 0, 1, 1, -1, 0, 0, 1, 1]
BOX$D2$6094[1, 0, 1, 1, -1, 1, 0, 0, 1]
BOX$D2$6094[1, 0, 1, 1, -1, 1, 0, 1, 1]
BOX$D2$6094[1, 0, 1, 1, 0, -1, 0, 2, 0]
BOX$D2$6094[1, 0, 1, 1, 0, -1, 0, 2, 1]
BOX$D2$6094[1, 0, 1, 1, 0, 0, -1, 1, 1]
BOX$D2$6094[1, 0, 1, 1, 0, 0, 0, 1, 0]
BOX$D2$6094[1, 0, 1, 1, 0, 0, 0, 1, 1]
BOX$D2$6094[1, 0, 1, 1, 0, 0, 0, 2, 0]
BOX$D2$6094[1, 0, 1, 1, 0, 0, 0, 2, 1]
BOX$D2$6094[1, 0, 1, 1, 0, 1, -1, 0, 1]
BOX$D2$6094[1, 0, 1, 1, 0, 1, -1, 1, 1]
BOX$D2$6094[1, 0, 1, 1, 0, 1, 0, 0, 1]
BOX$D2$6094[1, 0, 1, 1, 0, 1, 0, 1, 0]
BOX$D2$6094[1, 0, 1, 1, 0, 1, 0, 1, 1]
BOX$D2$6094[1, 0, 1, 1, 0, 1, 0, 2, 0]
BOX$D2$6094[1, 0, 1, 1, 0, 1, 0, 2, 1]
BOX$D2$6094[-1, 0, 0, 1, 0, 1, 1, 1, 1]
BOX$D2$6094[-1, 0, 1, 1, -1, 1, 0, 1, 1]
BOX$D2$6094[-1, 0, 1, 1, -1, 1, 1, 1, 0]
BOX$D2$6094[-1, 0, 1, 1, -1, 1, 1, 1, 1]
BOX$D2$6094[-1, 0, 1, 1, 0, 0, 1, 1, 1]
BOX$D2$6094[-1, 0, 1, 1, 0, 1, -1, 1, 1]
BOX$D2$6094[-1, 0, 1, 1, 0, 1, 0, 1, 0]
BOX$D2$6094[-1, 0, 1, 1, 0, 1, 0, 1, 1]
BOX$D2$6094[-1, 0, 1, 1, 0, 1, 1, 1, 0]
BOX$D2$6094[-1, 0, 1, 1, 0, 1, 1, 1, 1]
BOX$D2$6094[0, -1, 0, 1, 0, 1, 1, 1, 1]
BOX$D2$6094[0, -1, 1, 0, 0, 1, 0, 1, 1]
BOX$D2$6094[0, -1, 1, 0, 0, 1, 1, 1, 0]
BOX$D2$6094[0, -1, 1, 0, 0, 1, 1, 1, 1]
BOX$D2$6094[0, -1, 1, 1, -1, 0, 1, 1, 1]
BOX$D2$6094[0, -1, 1, 1, -1, 1, 1, 0, 1]
BOX$D2$6094[0, -1, 1, 1, -1, 1, 1, 1, 1]
BOX$D2$6094[0, -1, 1, 1, 0, 0, 0, 1, 1]
BOX$D2$6094[0, -1, 1, 1, 0, 0, 1, 1, 0]
BOX$D2$6094[0, -1, 1, 1, 0, 0, 1, 1, 1]
BOX$D2$6094[0, -1, 1, 1, 0, 1, 0, 0, 1]
BOX$D2$6094[0, -1, 1, 1, 0, 1, 1, 0, 1]
BOX$D2$6094[0, -1, 1, 1, 0, 1, 1, 1, 0]
BOX$D2$6094[0, -1, 1, 1, 0, 1, 1, 1, 1]
BOX$D2$6094[0, 0, 0, 0, 0, 1, 1, 1, 1]
BOX$D2$6094[0, 0, 0, 1, -1, 1, 1, 1, 1]
BOX$D2$6094[0, 0, 0, 1, 0, 0, 1, 1, 1]
BOX$D2$6094[0, 0, 0, 1, 0, 1, 1, 0, 1]
BOX$D2$6094[0, 0, 0, 1, 0, 1, 1, 1, 0]
BOX$D2$6094[0, 0, 0, 1, 0, 1, 1, 1, 1]
BOX$D2$6094[0, 0, 1, 0, -1, 1, 1, 1, 1]
BOX$D2$6094[0, 0, 1, 0, 0, 0, 1, 1, 1]
BOX$D2$6094[0, 0, 1, 0, 0, 1, -1, 1, 1]
BOX$D2$6094[0, 0, 1, 0, 0, 1, 0, 1, 0]
BOX$D2$6094[0, 0, 1, 0, 0, 1, 0, 1, 1]
BOX$D2$6094[0, 0, 1, 0, 0, 1, 1, 1, 0]
BOX$D2$6094[0, 0, 1, 0, 0, 1, 1, 1, 1]
BOX$D2$6094[0, 0, 1, 1, -2, 1, 1, 1, 1]
BOX$D2$6094[0, 0, 1, 1, -1, 0, 0, 1, 1]
BOX$D2$6094[0, 0, 1, 1, -1, 0, 1, 1, 0]
BOX$D2$6094[0, 0, 1, 1, -1, 0, 1, 1, 1]
BOX$D2$6094[0, 0, 1, 1, -1, 1, 0, 0, 1]
BOX$D2$6094[0, 0, 1, 1, -1, 1, 1, 0, 1]
BOX$D2$6094[0, 0, 1, 1, -1, 1, 1, 1, 0]
BOX$D2$6094[0, 0, 1, 1, -1, 1, 1, 1, 1]
BOX$D2$6094[0, 0, 1, 1, 0, -1, 1, 1, 1]
BOX$D2$6094[0, 0, 1, 1, 0, 0, 0, 1, 0]
BOX$D2$6094[0, 0, 1, 1, 0, 0, 0, 1, 1]
BOX$D2$6094[0, 0, 1, 1, 0, 0, 1, 0, 1]
BOX$D2$6094[0, 0, 1, 1, 0, 0, 1, 1, 0]
BOX$D2$6094[0, 0, 1, 1, 0, 0, 1, 1, 1]
BOX$D2$6094[0, 0, 1, 1, 0, 1, -1, 0, 1]
BOX$D2$6094[0, 0, 1, 1, 0, 1, 0, 0, 1]
BOX$D2$6094[0, 0, 1, 1, 0, 1, 1, 0, 0]
BOX$D2$6094[0, 0, 1, 1, 0, 1, 1, 0, 1]
BOX$D2$6094[0, 0, 1, 1, 0, 1, 1, 1, 0]
BOX$D2$6094[0, 0, 1, 1, 0, 1, 1, 1, 1]
BOX$D2$6094[1, -2, 1, 0, 0, 0, 1, 1, 1]
BOX$D2$6094[1, -2, 1, 0, 0, 1, 1, 0, 1]
BOX$D2$6094[1, -2, 1, 0, 0, 1, 1, 1, 1]
BOX$D2$6094[1, -2, 1, 1, 0, -1, 1, 1, 1]
BOX$D2$6094[1, -2, 1, 1, 0, 0, 1, 0, 1]
BOX$D2$6094[1, -2, 1, 1, 0, 0, 1, 1, 1]
BOX$D2$6094[1, -2, 1, 1, 0, 1, 1, 0, 1]
BOX$D2$6094[1, -2, 1, 1, 0, 1, 1, 1, 1]
BOX$D2$6094[1, -1, 0, 0, 0, 1, 1, 1, 1]
BOX$D2$6094[1, -1, 0, 1, 0, 0, 1, 1, 1]
BOX$D2$6094[1, -1, 0, 1, 0, 1, 1, 0, 1]
BOX$D2$6094[1, -1, 0, 1, 0, 1, 1, 1, 1]
BOX$D2$6094[1, -1, 1, -1, 0, 1, 1, 1, 1]
BOX$D2$6094[1, -1, 1, 0, -1, 1, 1, 1, 1]
BOX$D2$6094[1, -1, 1, 0, 0, 0, 0, 1, 1]
BOX$D2$6094[1, -1, 1, 0, 0, 0, 1, 1, 0]
BOX$D2$6094[1, -1, 1, 0, 0, 0, 1, 1, 1]
BOX$D2$6094[1, -1, 1, 0, 0, 1, 0, 0, 1]
BOX$D2$6094[1, -1, 1, 0, 0, 1, 1, 0, 1]
BOX$D2$6094[1, -1, 1, 0, 0, 1, 1, 1, 0]
BOX$D2$6094[1, -1, 1, 0, 0, 1, 1, 1, 1]
BOX$D2$6094[1, -1, 1, 1, -1, -1, 1, 1, 1]
BOX$D2$6094[1, -1, 1, 1, -1, 0, 1, 0, 1]
BOX$D2$6094[1, -1, 1, 1, -1, 0, 1, 1, 1]
BOX$D2$6094[1, -1, 1, 1, -1, 1, 1, 0, 1]
BOX$D2$6094[1, -1, 1, 1, -1, 1, 1, 1, 1]
BOX$D2$6094[1, -1, 1, 1, 0, -1, 1, 1, 0]
BOX$D2$6094[1, -1, 1, 1, 0, -1, 1, 1, 1]
BOX$D2$6094[1, -1, 1, 1, 0, 0, 0, 0, 1]
BOX$D2$6094[1, -1, 1, 1, 0, 0, 1, 0, 1]
BOX$D2$6094[1, -1, 1, 1, 0, 0, 1, 1, 0]
BOX$D2$6094[1, -1, 1, 1, 0, 0, 1, 1, 1]
BOX$D2$6094[1, -1, 1, 1, 0, 1, 1, -1, 1]
BOX$D2$6094[1, -1, 1, 1, 0, 1, 1, 0, 1]
BOX$D2$6094[1, -1, 1, 1, 0, 1, 1, 1, 0]
BOX$D2$6094[1, -1, 1, 1, 0, 1, 1, 1, 1]
BOX$D2$6094[1, 0, -1, 1, 0, 1, 1, 1, 1]
BOX$D2$6094[1, 0, 0, -1, 0, 1, 1, 1, 1]
BOX$D2$6094[1, 0, 0, 0, -1, 1, 1, 1, 1]
BOX$D2$6094[1, 0, 0, 0, 0, 0, 1, 1, 1]
BOX$D2$6094[1, 0, 0, 0, 0, 1, 1, 0, 1]
BOX$D2$6094[1, 0, 0, 0, 0, 1, 1, 1, 0]
BOX$D2$6094[1, 0, 0, 0, 0, 1, 1, 1, 1]
BOX$D2$6094[1, 0, 0, 1, -1, 0, 1, 1, 1]
BOX$D2$6094[1, 0, 0, 1, -1, 1, 1, 0, 1]
BOX$D2$6094[1, 0, 0, 1, -1, 1, 1, 1, 1]
BOX$D2$6094[1, 0, 0, 1, 0, -1, 1, 1, 1]
BOX$D2$6094[1, 0, 0, 1, 0, 0, 1, 0, 1]
BOX$D2$6094[1, 0, 0, 1, 0, 0, 1, 1, 0]
BOX$D2$6094[1, 0, 0, 1, 0, 0, 1, 1, 1]
BOX$D2$6094[1, 0, 0, 1, 0, 1, 1, -1, 1]
BOX$D2$6094[1, 0, 0, 1, 0, 1, 1, 0, 0]
BOX$D2$6094[1, 0, 0, 1, 0, 1, 1, 0, 1]
BOX$D2$6094[1, 0, 0, 1, 0, 1, 1, 1, 0]
BOX$D2$6094[1, 0, 0, 1, 0, 1, 1, 1, 1]
BOX$D2$6094[1, 0, 1, -1, 0, 0, 1, 1, 1]
BOX$D2$6094[1, 0, 1, -1, 0, 1, 0, 1, 1]
BOX$D2$6094[1, 0, 1, -1, 0, 1, 1, 1, 0]
BOX$D2$6094[1, 0, 1, -1, 0, 1, 1, 1, 1]
BOX$D2$6094[1, 0, 1, 0, -1, 0, 1, 1, 1]
BOX$D2$6094[1, 0, 1, 0, -1, 1, 1, 0, 1]
BOX$D2$6094[1, 0, 1, 0, -1, 1, 1, 1, 0]
BOX$D2$6094[1, 0, 1, 0, -1, 1, 1, 1, 1]
BOX$D2$6094[1, 0, 1, 0, 0, -1, 1, 1, 1]
BOX$D2$6094[1, 0, 1, 0, 0, 0, 0, 1, 0]
BOX$D2$6094[1, 0, 1, 0, 0, 0, 0, 1, 1]
BOX$D2$6094[1, 0, 1, 0, 0, 0, 1, 0, 1]
BOX$D2$6094[1, 0, 1, 0, 0, 0, 1, 1, 0]
BOX$D2$6094[1, 0, 1, 0, 0, 0, 1, 1, 1]
BOX$D2$6094[1, 0, 1, 0, 0, 1, -1, 0, 1]
BOX$D2$6094[1, 0, 1, 0, 0, 1, 0, 0, 1]
BOX$D2$6094[1, 0, 1, 0, 0, 1, 1, 0, 0]
BOX$D2$6094[1, 0, 1, 0, 0, 1, 1, 0, 1]
BOX$D2$6094[1, 0, 1, 0, 0, 1, 1, 1, -1]
BOX$D2$6094[1, 0, 1, 0, 0, 1, 1, 1, 0]
BOX$D2$6094[1, 0, 1, 0, 0, 1, 1, 1, 1]
BOX$D2$6094[1, 0, 1, 1, -2, 0, 1, 1, 1]
BOX$D2$6094[1, 0, 1, 1, -2, 1, 1, 0, 1]
BOX$D2$6094[1, 0, 1, 1, -2, 1, 1, 1, 1]
BOX$D2$6094[1, 0, 1, 1, -1, -1, 1, 1, 0]
BOX$D2$6094[1, 0, 1, 1, -1, -1, 1, 1, 1]
BOX$D2$6094[1, 0, 1, 1, -1, 0, 0, 0, 1]
BOX$D2$6094[1, 0, 1, 1, -1, 0, 1, 0, 1]
BOX$D2$6094[1, 0, 1, 1, -1, 0, 1, 1, 0]
BOX$D2$6094[1, 0, 1, 1, -1, 0, 1, 1, 1]
BOX$D2$6094[1, 0, 1, 1, -1, 1, 1, -1, 1]
BOX$D2$6094[1, 0, 1, 1, -1, 1, 1, 0, 0]
BOX$D2$6094[1, 0, 1, 1, -1, 1, 1, 0, 1]
BOX$D2$6094[1, 0, 1, 1, -1, 1, 1, 1, 0]
BOX$D2$6094[1, 0, 1, 1, -1, 1, 1, 1, 1]
BOX$D2$6094[1, 0, 1, 1, 0, -2, 1, 1, 1]
BOX$D2$6094[1, 0, 1, 1, 0, -1, 0, 1, 1]
BOX$D2$6094[1, 0, 1, 1, 0, -1, 1, 0, 1]
BOX$D2$6094[1, 0, 1, 1, 0, -1, 1, 1, 0]
BOX$D2$6094[1, 0, 1, 1, 0, -1, 1, 1, 1]
BOX$D2$6094[1, 0, 1, 1, 0, 0, 0, 0, 1]
BOX$D2$6094[1, 0, 1, 1, 0, 0, 1, -1, 1]
BOX$D2$6094[1, 0, 1, 1, 0, 0, 1, 0, 0]
BOX$D2$6094[1, 0, 1, 1, 0, 0, 1, 0, 1]
BOX$D2$6094[1, 0, 1, 1, 0, 0, 1, 1, -1]
BOX$D2$6094[1, 0, 1, 1, 0, 0, 1, 1, 0]
BOX$D2$6094[1, 0, 1, 1, 0, 0, 1, 1, 1]
BOX$D2$6094[1, 0, 1, 1, 0, 1, 0, -1, 1]
BOX$D2$6094[1, 0, 1, 1, 0, 1, 0, 0, 0]
BOX$D2$6094[1, 0, 1, 1, 0, 1, 1, -1, 1]
BOX$D2$6094[1, 0, 1, 1, 0, 1, 1, 0, 0]
BOX$D2$6094[1, 0, 1, 1, 0, 1, 1, 0, 1]
BOX$D2$6094[1, 0, 1, 1, 0, 1, 1, 1, -1]
BOX$D2$6094[1, 0, 1, 1, 0, 1, 1, 1, 0]
BOX$D2$6094[1, 0, 1, 1, 0, 1, 1, 1, 1]