BOX$A1$134[-2, 1, 1, 1, 0, 1, 0, 1, 1]
BOX$A1$134[-1, 0, 1, 1, 0, 1, 0, 1, 1]
BOX$A1$134[-1, 1, -1, 1, 0, 1, 0, 1, 1]
BOX$A1$134[-1, 1, 0, 0, 0, 1, 0, 1, 1]
BOX$A1$134[-1, 1, 0, 1, -1, 1, 0, 1, 1]
BOX$A1$134[-1, 1, 0, 1, 0, 0, 0, 1, 1]
BOX$A1$134[-1, 1, 0, 1, 0, 1, -1, 1, 1]
BOX$A1$134[-1, 1, 0, 1, 0, 1, 0, 1, 0]
BOX$A1$134[-1, 1, 0, 1, 0, 1, 0, 1, 1]
BOX$A1$134[-1, 1, 1, -1, 0, 1, 0, 1, 1]
BOX$A1$134[-1, 1, 1, 0, -1, 1, 0, 1, 1]
BOX$A1$134[-1, 1, 1, 0, 0, 0, 0, 1, 1]
BOX$A1$134[-1, 1, 1, 0, 0, 1, -1, 1, 1]
BOX$A1$134[-1, 1, 1, 0, 0, 1, 0, 1, 0]
BOX$A1$134[-1, 1, 1, 0, 0, 1, 0, 1, 1]
BOX$A1$134[-1, 1, 1, 1, -1, 0, 0, 1, 1]
BOX$A1$134[-1, 1, 1, 1, -1, 1, -1, 1, 1]
BOX$A1$134[-1, 1, 1, 1, -1, 1, 0, 1, 1]
BOX$A1$134[-1, 1, 1, 1, 0, -1, 0, 1, 1]
BOX$A1$134[-1, 1, 1, 1, 0, 0, -1, 1, 1]
BOX$A1$134[-1, 1, 1, 1, 0, 0, 0, 1, 0]
BOX$A1$134[-1, 1, 1, 1, 0, 0, 0, 1, 1]
BOX$A1$134[-1, 1, 1, 1, 0, 1, -2, 1, 1]
BOX$A1$134[-1, 1, 1, 1, 0, 1, -1, 1, 0]
BOX$A1$134[-1, 1, 1, 1, 0, 1, -1, 1, 1]
BOX$A1$134[-1, 1, 1, 1, 0, 1, 0, 0, 1]
BOX$A1$134[-1, 1, 1, 1, 0, 1, 0, 1, 0]
BOX$A1$134[-1, 1, 1, 1, 0, 1, 0, 1, 1]
BOX$A1$134[0, 0, 0, 0, 0, 1, 0, 1, 1]
BOX$A1$134[0, 0, 0, 1, 0, 0, 0, 1, 1]
BOX$A1$134[0, 0, 0, 1, 0, 1, 0, 0, 1]
BOX$A1$134[0, 0, 0, 1, 0, 1, 0, 1, 1]
BOX$A1$134[0, 0, 1, -1, 0, 1, 0, 1, 1]
BOX$A1$134[0, 0, 1, 0, -1, 1, 0, 1, 1]
BOX$A1$134[0, 0, 1, 0, 0, 0, 0, 1, 1]
BOX$A1$134[0, 0, 1, 0, 0, 1, -1, 1, 1]
BOX$A1$134[0, 0, 1, 0, 0, 1, 0, 0, 1]
BOX$A1$134[0, 0, 1, 0, 0, 1, 0, 1, 0]
BOX$A1$134[0, 0, 1, 0, 0, 1, 0, 1, 1]
BOX$A1$134[0, 0, 1, 1, -1, 0, 0, 1, 1]
BOX$A1$134[0, 0, 1, 1, 0, -1, 0, 1, 1]
BOX$A1$134[0, 0, 1, 1, 0, 0, -1, 1, 1]
BOX$A1$134[0, 0, 1, 1, 0, 0, 0, 0, 1]
BOX$A1$134[0, 0, 1, 1, 0, 0, 0, 1, 0]
BOX$A1$134[0, 0, 1, 1, 0, 0, 0, 1, 1]
BOX$A1$134[0, 0, 1, 1, 0, 1, -1, 0, 1]
BOX$A1$134[0, 0, 1, 1, 0, 1, -1, 1, 1]
BOX$A1$134[0, 0, 1, 1, 0, 1, 0, 0, 1]
BOX$A1$134[0, 0, 1, 1, 0, 1, 0, 1, 0]
BOX$A1$134[0, 0, 1, 1, 0, 1, 0, 1, 1]
BOX$A1$134[0, 1, -1, 0, 0, 1, 0, 1, 1]
BOX$A1$134[0, 1, -1, 1, 0, 1, 0, 0, 1]
BOX$A1$134[0, 1, -1, 1, 0, 1, 0, 1, 1]
BOX$A1$134[0, 1, 0, -1, 0, 1, 0, 1, 1]
BOX$A1$134[0, 1, 0, 0, -1, 1, 0, 1, 1]
BOX$A1$134[0, 1, 0, 0, 0, 0, 0, 1, 1]
BOX$A1$134[0, 1, 0, 0, 0, 1, -1, 1, 1]
BOX$A1$134[0, 1, 0, 0, 0, 1, 0, 0, 1]
BOX$A1$134[0, 1, 0, 0, 0, 1, 0, 1, 0]
BOX$A1$134[0, 1, 0, 0, 0, 1, 0, 1, 1]
BOX$A1$134[0, 1, 0, 1, -1, 0, 0, 1, 1]
BOX$A1$134[0, 1, 0, 1, -1, 1, 0, 0, 1]
BOX$A1$134[0, 1, 0, 1, 0, 0, 0, 0, 1]
BOX$A1$134[0, 1, 0, 1, 0, 0, 0, 1, 0]
BOX$A1$134[0, 1, 0, 1, 0, 0, 0, 1, 1]
BOX$A1$134[0, 1, 0, 1, 0, 1, -1, 0, 1]
BOX$A1$134[0, 1, 0, 1, 0, 1, -1, 1, 1]
BOX$A1$134[0, 1, 0, 1, 0, 1, 0, 0, 1]
BOX$A1$134[0, 1, 0, 1, 0, 1, 0, 1, 0]
BOX$A1$134[0, 1, 0, 1, 0, 1, 0, 1, 1]
BOX$A1$134[0, 1, 1, -2, 0, 1, 0, 1, 1]
BOX$A1$134[0, 1, 1, -1, -1, 1, 0, 1, 1]
BOX$A1$134[0, 1, 1, -1, 0, 0, 0, 1, 1]
BOX$A1$134[0, 1, 1, -1, 0, 1, -1, 1, 1]
BOX$A1$134[0, 1, 1, -1, 0, 1, 0, 0, 1]
BOX$A1$134[0, 1, 1, -1, 0, 1, 0, 1, 0]
BOX$A1$134[0, 1, 1, -1, 0, 1, 0, 1, 1]
BOX$A1$134[0, 1, 1, 0, -2, 1, 0, 1, 1]
BOX$A1$134[0, 1, 1, 0, -1, 0, 0, 1, 1]
BOX$A1$134[0, 1, 1, 0, -1, 1, -1, 1, 1]
BOX$A1$134[0, 1, 1, 0, -1, 1, 0, 0, 1]
BOX$A1$134[0, 1, 1, 0, -1, 1, 0, 1, 0]
BOX$A1$134[0, 1, 1, 0, -1, 1, 0, 1, 1]
BOX$A1$134[0, 1, 1, 0, 0, -1, 0, 1, 1]
BOX$A1$134[0, 1, 1, 0, 0, 0, -1, 1, 1]
BOX$A1$134[0, 1, 1, 0, 0, 0, 0, 0, 1]
BOX$A1$134[0, 1, 1, 0, 0, 0, 0, 1, 1]
BOX$A1$134[0, 1, 1, 0, 0, 1, -2, 1, 1]
BOX$A1$134[0, 1, 1, 0, 0, 1, -1, 0, 1]
BOX$A1$134[0, 1, 1, 0, 0, 1, -1, 1, 0]
BOX$A1$134[0, 1, 1, 0, 0, 1, -1, 1, 1]
BOX$A1$134[0, 1, 1, 0, 0, 1, 0, 0, 1]
BOX$A1$134[0, 1, 1, 0, 0, 1, 0, 1, 0]
BOX$A1$134[0, 1, 1, 0, 0, 1, 0, 1, 1]
BOX$A1$134[0, 1, 1, 1, -2, 0, 0, 1, 1]
BOX$A1$134[0, 1, 1, 1, -2, 1, 0, 1, 1]
BOX$A1$134[0, 1, 1, 1, -1, -1, 0, 1, 1]
BOX$A1$134[0, 1, 1, 1, -1, 0, -1, 1, 1]
BOX$A1$134[0, 1, 1, 1, -1, 0, 0, 0, 1]
BOX$A1$134[0, 1, 1, 1, -1, 0, 0, 1, 0]
BOX$A1$134[0, 1, 1, 1, -1, 0, 0, 1, 1]
BOX$A1$134[0, 1, 1, 1, -1, 1, -1, 0, 1]
BOX$A1$134[0, 1, 1, 1, -1, 1, -1, 1, 1]
BOX$A1$134[0, 1, 1, 1, -1, 1, 0, 0, 1]
BOX$A1$134[0, 1, 1, 1, -1, 1, 0, 1, 0]
BOX$A1$134[0, 1, 1, 1, -1, 1, 0, 1, 1]
BOX$A1$134[0, 1, 1, 1, 0, -1, 0, 0, 1]
BOX$A1$134[0, 1, 1, 1, 0, -1, 0, 1, 0]
BOX$A1$134[0, 1, 1, 1, 0, -1, 0, 1, 1]
BOX$A1$134[0, 1, 1, 1, 0, 0, -1, 0, 1]
BOX$A1$134[0, 1, 1, 1, 0, 0, -1, 1, 0]
BOX$A1$134[0, 1, 1, 1, 0, 0, -1, 1, 1]
BOX$A1$134[0, 1, 1, 1, 0, 0, 0, 0, 1]
BOX$A1$134[0, 1, 1, 1, 0, 0, 0, 1, 0]
BOX$A1$134[0, 1, 1, 1, 0, 0, 0, 1, 1]
BOX$A1$134[0, 1, 1, 1, 0, 1, -2, 0, 1]
BOX$A1$134[0, 1, 1, 1, 0, 1, -2, 1, 1]
BOX$A1$134[0, 1, 1, 1, 0, 1, -1, 0, 1]
BOX$A1$134[0, 1, 1, 1, 0, 1, -1, 1, 0]
BOX$A1$134[0, 1, 1, 1, 0, 1, -1, 1, 1]
BOX$A1$134[0, 1, 1, 1, 0, 1, 0, -1, 1]
BOX$A1$134[0, 1, 1, 1, 0, 1, 0, 0, 0]
BOX$A1$134[0, 1, 1, 1, 0, 1, 0, 0, 1]
BOX$A1$134[0, 1, 1, 1, 0, 1, 0, 1, -1]
BOX$A1$134[0, 1, 1, 1, 0, 1, 0, 1, 0]
BOX$A1$134[0, 1, 1, 1, 0, 1, 0, 1, 1]
BOX$A1$134[1, -1, 1, 0, 0, 0, 0, 1, 1]
BOX$A1$134[1, -1, 1, 0, 0, 1, 0, 0, 1]
BOX$A1$134[1, -1, 1, 0, 0, 1, 0, 1, 1]
BOX$A1$134[1, -1, 1, 1, 0, -1, 0, 1, 1]
BOX$A1$134[1, -1, 1, 1, 0, 0, 0, 0, 1]
BOX$A1$134[1, -1, 1, 1, 0, 0, 0, 1, 1]
BOX$A1$134[1, -1, 1, 1, 0, 1, 0, 0, 1]
BOX$A1$134[1, -1, 1, 1, 0, 1, 0, 1, 1]
BOX$A1$134[1, 0, 0, 0, 0, 0, 0, 1, 1]
BOX$A1$134[1, 0, 0, 0, 0, 1, 0, 0, 1]
BOX$A1$134[1, 0, 0, 0, 0, 1, 0, 1, 1]
BOX$A1$134[1, 0, 0, 1, 0, 0, 0, 0, 1]
BOX$A1$134[1, 0, 0, 1, 0, 0, 0, 1, 1]
BOX$A1$134[1, 0, 0, 1, 0, 1, 0, 0, 1]
BOX$A1$134[1, 0, 0, 1, 0, 1, 0, 1, 1]
BOX$A1$134[1, 0, 1, -1, 0, 0, 0, 1, 1]
BOX$A1$134[1, 0, 1, -1, 0, 1, 0, 0, 1]
BOX$A1$134[1, 0, 1, -1, 0, 1, 0, 1, 1]
BOX$A1$134[1, 0, 1, 0, -1, 0, 0, 1, 1]
BOX$A1$134[1, 0, 1, 0, -1, 1, 0, 0, 1]
BOX$A1$134[1, 0, 1, 0, -1, 1, 0, 1, 1]
BOX$A1$134[1, 0, 1, 0, 0, -1, 0, 1, 1]
BOX$A1$134[1, 0, 1, 0, 0, 0, -1, 1, 1]
BOX$A1$134[1, 0, 1, 0, 0, 0, 0, 0, 1]
BOX$A1$134[1, 0, 1, 0, 0, 0, 0, 1, 0]
BOX$A1$134[1, 0, 1, 0, 0, 0, 0, 1, 1]
BOX$A1$134[1, 0, 1, 0, 0, 1, -1, 0, 1]
BOX$A1$134[1, 0, 1, 0, 0, 1, -1, 1, 1]
BOX$A1$134[1, 0, 1, 0, 0, 1, 0, 0, 1]
BOX$A1$134[1, 0, 1, 0, 0, 1, 0, 1, 0]
BOX$A1$134[1, 0, 1, 0, 0, 1, 0, 1, 1]
BOX$A1$134[1, 0, 1, 1, -1, -1, 0, 1, 1]
BOX$A1$134[1, 0, 1, 1, -1, 0, 0, 0, 1]
BOX$A1$134[1, 0, 1, 1, -1, 0, 0, 1, 1]
BOX$A1$134[1, 0, 1, 1, -1, 1, 0, 0, 1]
BOX$A1$134[1, 0, 1, 1, -1, 1, 0, 1, 1]
BOX$A1$134[1, 0, 1, 1, 0, -1, 0, 0, 1]
BOX$A1$134[1, 0, 1, 1, 0, -1, 0, 1, 0]
BOX$A1$134[1, 0, 1, 1, 0, -1, 0, 1, 1]
BOX$A1$134[1, 0, 1, 1, 0, 0, -1, 0, 1]
BOX$A1$134[1, 0, 1, 1, 0, 0, -1, 1, 1]
BOX$A1$134[1, 0, 1, 1, 0, 0, 0, 0, 1]
BOX$A1$134[1, 0, 1, 1, 0, 0, 0, 1, 0]
BOX$A1$134[1, 0, 1, 1, 0, 0, 0, 1, 1]
BOX$A1$134[1, 0, 1, 1, 0, 1, -1, 0, 1]
BOX$A1$134[1, 0, 1, 1, 0, 1, -1, 1, 1]
BOX$A1$134[1, 0, 1, 1, 0, 1, 0, -1, 1]
BOX$A1$134[1, 0, 1, 1, 0, 1, 0, 0, 0]
BOX$A1$134[1, 0, 1, 1, 0, 1, 0, 0, 1]
BOX$A1$134[1, 0, 1, 1, 0, 1, 0, 1, 0]
BOX$A1$134[1, 0, 1, 1, 0, 1, 0, 1, 1]
BOX$A1$134[1, 1, -1, 0, 0, 1, 0, 0, 1]
BOX$A1$134[1, 1, -1, 0, 0, 1, 0, 1, 1]
BOX$A1$134[1, 1, -1, 1, 0, 0, 0, 1, 1]
BOX$A1$134[1, 1, -1, 1, 0, 1, 0, 0, 1]
BOX$A1$134[1, 1, -1, 1, 0, 1, 0, 1, 1]
BOX$A1$134[1, 1, 0, -1, 0, 1, 0, 0, 1]
BOX$A1$134[1, 1, 0, -1, 0, 1, 0, 1, 1]
BOX$A1$134[1, 1, 0, 0, -1, 1, 0, 0, 1]
BOX$A1$134[1, 1, 0, 0, -1, 1, 0, 1, 1]
BOX$A1$134[1, 1, 0, 0, 0, 0, 0, 0, 1]
BOX$A1$134[1, 1, 0, 0, 0, 0, 0, 1, 0]
BOX$A1$134[1, 1, 0, 0, 0, 0, 0, 1, 1]
BOX$A1$134[1, 1, 0, 0, 0, 1, -1, 0, 1]
BOX$A1$134[1, 1, 0, 0, 0, 1, -1, 1, 1]
BOX$A1$134[1, 1, 0, 0, 0, 1, 0, 0, 1]
BOX$A1$134[1, 1, 0, 0, 0, 1, 0, 1, 0]
BOX$A1$134[1, 1, 0, 0, 0, 1, 0, 1, 1]
BOX$A1$134[1, 1, 0, 1, -1, 0, 0, 0, 1]
BOX$A1$134[1, 1, 0, 1, -1, 0, 0, 1, 1]
BOX$A1$134[1, 1, 0, 1, -1, 1, 0, 0, 1]
BOX$A1$134[1, 1, 0, 1, -1, 1, 0, 1, 1]
BOX$A1$134[1, 1, 0, 1, 0, -1, 0, 1, 1]
BOX$A1$134[1, 1, 0, 1, 0, 0, -1, 1, 1]
BOX$A1$134[1, 1, 0, 1, 0, 0, 0, 0, 1]
BOX$A1$134[1, 1, 0, 1, 0, 0, 0, 1, 0]
BOX$A1$134[1, 1, 0, 1, 0, 0, 0, 1, 1]
BOX$A1$134[1, 1, 0, 1, 0, 1, -1, 0, 1]
BOX$A1$134[1, 1, 0, 1, 0, 1, -1, 1, 1]
BOX$A1$134[1, 1, 0, 1, 0, 1, 0, -1, 1]
BOX$A1$134[1, 1, 0, 1, 0, 1, 0, 0, 0]
BOX$A1$134[1, 1, 0, 1, 0, 1, 0, 0, 1]
BOX$A1$134[1, 1, 0, 1, 0, 1, 0, 1, 0]
BOX$A1$134[1, 1, 0, 1, 0, 1, 0, 1, 1]
BOX$A1$134[1, 1, 1, -2, 0, 1, 0, 0, 1]
BOX$A1$134[1, 1, 1, -2, 0, 1, 0, 1, 1]
BOX$A1$134[1, 1, 1, -1, -1, 1, 0, 0, 1]
BOX$A1$134[1, 1, 1, -1, -1, 1, 0, 1, 1]
BOX$A1$134[1, 1, 1, -1, 0, 0, 0, 0, 1]
BOX$A1$134[1, 1, 1, -1, 0, 0, 0, 1, 0]
BOX$A1$134[1, 1, 1, -1, 0, 0, 0, 1, 1]
BOX$A1$134[1, 1, 1, -1, 0, 1, -1, 0, 1]
BOX$A1$134[1, 1, 1, -1, 0, 1, -1, 1, 1]
BOX$A1$134[1, 1, 1, -1, 0, 1, 0, 0, 1]
BOX$A1$134[1, 1, 1, -1, 0, 1, 0, 1, 0]
BOX$A1$134[1, 1, 1, -1, 0, 1, 0, 1, 1]
BOX$A1$134[1, 1, 1, 0, -2, 1, 0, 0, 1]
BOX$A1$134[1, 1, 1, 0, -1, 0, 0, 0, 1]
BOX$A1$134[1, 1, 1, 0, -1, 0, 0, 1, 0]
BOX$A1$134[1, 1, 1, 0, -1, 0, 0, 1, 1]
BOX$A1$134[1, 1, 1, 0, -1, 1, -1, 0, 1]
BOX$A1$134[1, 1, 1, 0, -1, 1, 0, 0, 1]
BOX$A1$134[1, 1, 1, 0, -1, 1, 0, 1, 0]
BOX$A1$134[1, 1, 1, 0, -1, 1, 0, 1, 1]
BOX$A1$134[1, 1, 1, 0, 0, -1, 0, 0, 1]
BOX$A1$134[1, 1, 1, 0, 0, -1, 0, 1, 0]
BOX$A1$134[1, 1, 1, 0, 0, -1, 0, 1, 1]
BOX$A1$134[1, 1, 1, 0, 0, 0, -1, 0, 1]
BOX$A1$134[1, 1, 1, 0, 0, 0, -1, 1, 0]
BOX$A1$134[1, 1, 1, 0, 0, 0, -1, 1, 1]
BOX$A1$134[1, 1, 1, 0, 0, 0, 0, 0, 1]
BOX$A1$134[1, 1, 1, 0, 0, 0, 0, 1, 0]
BOX$A1$134[1, 1, 1, 0, 0, 0, 0, 1, 1]
BOX$A1$134[1, 1, 1, 0, 0, 1, -2, 0, 1]
BOX$A1$134[1, 1, 1, 0, 0, 1, -1, 0, 1]
BOX$A1$134[1, 1, 1, 0, 0, 1, -1, 1, 0]
BOX$A1$134[1, 1, 1, 0, 0, 1, -1, 1, 1]
BOX$A1$134[1, 1, 1, 0, 0, 1, 0, -1, 1]
BOX$A1$134[1, 1, 1, 0, 0, 1, 0, 0, 0]
BOX$A1$134[1, 1, 1, 0, 0, 1, 0, 0, 1]
BOX$A1$134[1, 1, 1, 0, 0, 1, 0, 1, -1]
BOX$A1$134[1, 1, 1, 0, 0, 1, 0, 1, 0]
BOX$A1$134[1, 1, 1, 0, 0, 1, 0, 1, 1]
BOX$A1$134[1, 1, 1, 1, -2, 0, 0, 0, 1]
BOX$A1$134[1, 1, 1, 1, -2, 1, 0, 0, 1]
BOX$A1$134[1, 1, 1, 1, -1, -1, 0, 0, 1]
BOX$A1$134[1, 1, 1, 1, -1, -1, 0, 1, 0]
BOX$A1$134[1, 1, 1, 1, -1, -1, 0, 1, 1]
BOX$A1$134[1, 1, 1, 1, -1, 0, -1, 0, 1]
BOX$A1$134[1, 1, 1, 1, -1, 0, 0, 0, 1]
BOX$A1$134[1, 1, 1, 1, -1, 0, 0, 1, 0]
BOX$A1$134[1, 1, 1, 1, -1, 0, 0, 1, 1]
BOX$A1$134[1, 1, 1, 1, -1, 1, -1, 0, 1]
BOX$A1$134[1, 1, 1, 1, -1, 1, 0, -1, 1]
BOX$A1$134[1, 1, 1, 1, -1, 1, 0, 0, 0]
BOX$A1$134[1, 1, 1, 1, -1, 1, 0, 0, 1]
BOX$A1$134[1, 1, 1, 1, -1, 1, 0, 1, 0]
BOX$A1$134[1, 1, 1, 1, -1, 1, 0, 1, 1]
BOX$A1$134[1, 1, 1, 1, 0, -1, 0, 0, 1]
BOX$A1$134[1, 1, 1, 1, 0, -1, 0, 1, 0]
BOX$A1$134[1, 1, 1, 1, 0, -1, 0, 1, 1]
BOX$A1$134[1, 1, 1, 1, 0, 0, -1, 0, 1]
BOX$A1$134[1, 1, 1, 1, 0, 0, 0, -1, 1]
BOX$A1$134[1, 1, 1, 1, 0, 0, 0, 0, 0]
BOX$A1$134[1, 1, 1, 1, 0, 0, 0, 0, 1]
BOX$A1$134[1, 1, 1, 1, 0, 0, 0, 1, 0]
BOX$A1$134[1, 1, 1, 1, 0, 0, 0, 1, 1]
BOX$A1$134[1, 1, 1, 1, 0, 1, -1, -1, 1]
BOX$A1$134[1, 1, 1, 1, 0, 1, -1, 0, 1]
BOX$A1$134[1, 1, 1, 1, 0, 1, 0, -1, 1]
BOX$A1$134[1, 1, 1, 1, 0, 1, 0, 0, 0]
BOX$A1$134[1, 1, 1, 1, 0, 1, 0, 0, 1]
BOX$A1$134[1, 1, 1, 1, 0, 1, 0, 1, 0]
BOX$A1$134[1, 1, 1, 1, 0, 1, 0, 1, 1]
BOX$A1$134[0, 0, 1, 1, -1, 1, 0, 1, 1]
BOX$A1$134[0, 1, 0, 1, -1, 1, 0, 1, 1]
BOX$A1$134[1, 1, 1, 0, -2, 1, 0, 1, 1]
BOX$A1$134[1, 1, 1, 0, -1, 1, -1, 1, 1]
BOX$A1$134[1, 1, 1, 1, -2, 0, 0, 1, 1]
BOX$A1$134[1, 1, 1, 1, -2, 1, 0, 1, 1]
BOX$A1$134[-1, 0, 0, 1, 0, 1, 0, 2, 1]
BOX$A1$134[-1, 0, 1, 1, 0, 1, 0, 2, 0]
BOX$A1$134[-1, 0, 1, 1, 0, 1, 0, 2, 1]
BOX$A1$134[0, -1, 1, 1, 0, 1, 0, 1, 1]
BOX$A1$134[0, 0, 0, 0, 0, 1, 0, 2, 1]
BOX$A1$134[0, 0, 0, 1, 0, 0, 0, 2, 1]
BOX$A1$134[0, 0, 0, 1, 0, 1, 0, 2, 1]
BOX$A1$134[0, 0, 1, 0, 0, 1, 0, 2, 0]
BOX$A1$134[0, 0, 1, 0, 0, 1, 0, 2, 1]
BOX$A1$134[0, 0, 1, 1, 0, 0, 0, 2, 0]
BOX$A1$134[0, 0, 1, 1, 0, 0, 0, 2, 1]
BOX$A1$134[0, 0, 1, 1, 0, 1, 0, 2, 0]
BOX$A1$134[0, 0, 1, 1, 0, 1, 0, 2, 1]
BOX$A1$134[1, 0, 0, -1, 0, 1, 0, 2, 1]
BOX$A1$134[1, 0, 0, 0, 0, 0, 0, 2, 1]
BOX$A1$134[1, 0, 0, 0, 0, 1, 0, 2, 1]
BOX$A1$134[1, 0, 0, 1, 0, -1, 0, 2, 1]
BOX$A1$134[1, 0, 0, 1, 0, 0, 0, 2, 1]
BOX$A1$134[1, 0, 0, 1, 0, 1, 0, 2, 1]
BOX$A1$134[1, 0, 1, -1, 0, 1, 0, 2, 0]
BOX$A1$134[1, 0, 1, -1, 0, 1, 0, 2, 1]
BOX$A1$134[1, 0, 1, 0, 0, 0, 0, 2, 0]
BOX$A1$134[1, 0, 1, 0, 0, 0, 0, 2, 1]
BOX$A1$134[1, 0, 1, 0, 0, 1, 0, 2, 0]
BOX$A1$134[1, 0, 1, 0, 0, 1, 0, 2, 1]
BOX$A1$134[1, 0, 1, 1, 0, -1, 0, 2, 0]
BOX$A1$134[1, 0, 1, 1, 0, -1, 0, 2, 1]
BOX$A1$134[1, 0, 1, 1, 0, 0, 0, 2, 0]
BOX$A1$134[1, 0, 1, 1, 0, 0, 0, 2, 1]
BOX$A1$134[1, 0, 1, 1, 0, 1, 0, 2, 0]
BOX$A1$134[1, 0, 1, 1, 0, 1, 0, 2, 1]
BOX$A1$134[-1, 1, 1, 1, 0, 1, 0, 2, 1]
BOX$A1$134[-1, 1, 1, 1, 0, 2, 0, 1, 1]
BOX$A1$134[-1, 1, 1, 2, 0, 1, 0, 1, 1]
BOX$A1$134[-1, 1, 2, 1, 0, 1, 0, 1, 1]
BOX$A1$134[0, 0, 2, 1, 0, 1, 0, 1, 1]
BOX$A1$134[0, 1, 1, 0, 0, 1, 0, 2, 1]
BOX$A1$134[0, 1, 1, 0, 0, 2, 0, 1, 1]
BOX$A1$134[0, 1, 1, 1, 0, 0, 0, 2, 1]
BOX$A1$134[0, 1, 1, 1, 0, 1, 0, 1, 2]
BOX$A1$134[0, 1, 1, 1, 0, 1, 0, 2, 1]
BOX$A1$134[0, 1, 1, 1, 0, 2, 0, 0, 1]
BOX$A1$134[0, 1, 1, 1, 0, 2, 0, 1, 1]
BOX$A1$134[0, 1, 1, 2, 0, 0, 0, 1, 1]
BOX$A1$134[0, 1, 1, 2, 0, 1, 0, 0, 1]
BOX$A1$134[0, 1, 1, 2, 0, 1, 0, 1, 1]
BOX$A1$134[0, 1, 2, 0, 0, 1, 0, 1, 1]
BOX$A1$134[0, 1, 2, 1, -1, 1, 0, 1, 1]
BOX$A1$134[0, 1, 2, 1, 0, 1, -1, 1, 1]
BOX$A1$134[0, 1, 2, 1, 0, 1, 0, 0, 1]
BOX$A1$134[0, 1, 2, 1, 0, 1, 0, 1, 0]
BOX$A1$134[0, 1, 2, 1, 0, 1, 0, 1, 1]
BOX$A1$134[0, 2, 1, 1, 0, 1, 0, 1, 1]
BOX$A1$134[1, -1, 1, 1, 0, 1, 0, 1, 2]
BOX$A1$134[1, -1, 2, 1, 0, 1, 0, 1, 1]
BOX$A1$134[1, 0, 0, 1, 0, 1, 0, 1, 2]
BOX$A1$134[1, 0, 1, 0, 0, 1, 0, 1, 2]
BOX$A1$134[1, 0, 1, 1, -1, 1, 0, 1, 2]
BOX$A1$134[1, 0, 1, 1, 0, 0, 0, 1, 2]
BOX$A1$134[1, 0, 1, 1, 0, 1, -1, 1, 2]
BOX$A1$134[1, 0, 1, 1, 0, 1, 0, 1, 2]
BOX$A1$134[1, 0, 2, 0, 0, 1, 0, 1, 1]
BOX$A1$134[1, 0, 2, 1, -1, 1, 0, 1, 1]
BOX$A1$134[1, 0, 2, 1, 0, 1, -1, 1, 1]
BOX$A1$134[1, 0, 2, 1, 0, 1, 0, 0, 1]
BOX$A1$134[1, 0, 2, 1, 0, 1, 0, 1, 0]
BOX$A1$134[1, 0, 2, 1, 0, 1, 0, 1, 1]
BOX$A1$134[1, 1, -1, 1, 0, 1, 0, 1, 2]
BOX$A1$134[1, 1, 0, 0, 0, 1, 0, 1, 2]
BOX$A1$134[1, 1, 0, 1, -1, 1, 0, 1, 2]
BOX$A1$134[1, 1, 0, 1, 0, 0, 0, 1, 2]
BOX$A1$134[1, 1, 0, 1, 0, 1, -1, 1, 2]
BOX$A1$134[1, 1, 0, 1, 0, 1, 0, 1, 2]
BOX$A1$134[1, 1, 1, -1, 0, 1, 0, 1, 2]
BOX$A1$134[1, 1, 1, -1, 0, 1, 0, 2, 1]
BOX$A1$134[1, 1, 1, -1, 0, 2, 0, 1, 1]
BOX$A1$134[1, 1, 1, 0, -1, 1, 0, 1, 2]
BOX$A1$134[1, 1, 1, 0, 0, 0, 0, 1, 2]
BOX$A1$134[1, 1, 1, 0, 0, 0, 0, 2, 1]
BOX$A1$134[1, 1, 1, 0, 0, 1, -1, 1, 2]
BOX$A1$134[1, 1, 1, 0, 0, 1, 0, 1, 2]
BOX$A1$134[1, 1, 1, 0, 0, 1, 0, 2, 1]
BOX$A1$134[1, 1, 1, 0, 0, 2, 0, 0, 1]
BOX$A1$134[1, 1, 1, 0, 0, 2, 0, 1, 1]
BOX$A1$134[1, 1, 1, 1, -2, 1, 0, 1, 2]
BOX$A1$134[1, 1, 1, 1, -1, 0, 0, 1, 2]
BOX$A1$134[1, 1, 1, 1, -1, 1, -1, 1, 2]
BOX$A1$134[1, 1, 1, 1, -1, 1, 0, 1, 2]
BOX$A1$134[1, 1, 1, 1, 0, -1, 0, 1, 2]
BOX$A1$134[1, 1, 1, 1, 0, -1, 0, 2, 1]
BOX$A1$134[1, 1, 1, 1, 0, 0, -1, 1, 2]
BOX$A1$134[1, 1, 1, 1, 0, 0, 0, 1, 2]
BOX$A1$134[1, 1, 1, 1, 0, 0, 0, 2, 1]
BOX$A1$134[1, 1, 1, 1, 0, 1, -2, 1, 2]
BOX$A1$134[1, 1, 1, 1, 0, 1, -1, 1, 1]
BOX$A1$134[1, 1, 1, 1, 0, 1, -1, 1, 2]
BOX$A1$134[1, 1, 1, 1, 0, 1, 0, 1, 2]
BOX$A1$134[1, 1, 1, 1, 0, 1, 0, 2, 1]
BOX$A1$134[1, 1, 1, 1, 0, 2, 0, -1, 1]
BOX$A1$134[1, 1, 1, 1, 0, 2, 0, 0, 1]
BOX$A1$134[1, 1, 1, 1, 0, 2, 0, 1, 1]
BOX$A1$134[1, 1, 1, 2, 0, -1, 0, 1, 1]
BOX$A1$134[1, 1, 1, 2, 0, 0, 0, 0, 1]
BOX$A1$134[1, 1, 1, 2, 0, 0, 0, 1, 1]
BOX$A1$134[1, 1, 1, 2, 0, 1, 0, -1, 1]
BOX$A1$134[1, 1, 1, 2, 0, 1, 0, 0, 1]
BOX$A1$134[1, 1, 1, 2, 0, 1, 0, 1, 1]
BOX$A1$134[1, 1, 2, -1, 0, 1, 0, 1, 1]
BOX$A1$134[1, 1, 2, 0, -1, 1, 0, 1, 1]
BOX$A1$134[1, 1, 2, 0, 0, 1, -1, 1, 1]
BOX$A1$134[1, 1, 2, 0, 0, 1, 0, 0, 1]
BOX$A1$134[1, 1, 2, 0, 0, 1, 0, 1, 0]
BOX$A1$134[1, 1, 2, 0, 0, 1, 0, 1, 1]
BOX$A1$134[1, 1, 2, 1, -2, 1, 0, 1, 1]
BOX$A1$134[1, 1, 2, 1, -1, 1, -1, 1, 1]
BOX$A1$134[1, 1, 2, 1, -1, 1, 0, 0, 1]
BOX$A1$134[1, 1, 2, 1, -1, 1, 0, 1, 0]
BOX$A1$134[1, 1, 2, 1, -1, 1, 0, 1, 1]
BOX$A1$134[1, 1, 2, 1, 0, 1, -2, 1, 1]
BOX$A1$134[1, 1, 2, 1, 0, 1, -1, 0, 1]
BOX$A1$134[1, 1, 2, 1, 0, 1, -1, 1, 0]
BOX$A1$134[1, 1, 2, 1, 0, 1, -1, 1, 1]
BOX$A1$134[1, 1, 2, 1, 0, 1, 0, -1, 1]
BOX$A1$134[1, 1, 2, 1, 0, 1, 0, 0, 0]
BOX$A1$134[1, 1, 2, 1, 0, 1, 0, 0, 1]
BOX$A1$134[1, 1, 2, 1, 0, 1, 0, 1, -1]
BOX$A1$134[1, 1, 2, 1, 0, 1, 0, 1, 0]
BOX$A1$134[1, 1, 2, 1, 0, 1, 0, 1, 1]
BOX$A1$134[1, 2, -1, 1, 0, 1, 0, 1, 1]
BOX$A1$134[1, 2, 0, 0, 0, 1, 0, 1, 1]
BOX$A1$134[1, 2, 0, 1, -1, 1, 0, 1, 1]
BOX$A1$134[1, 2, 0, 1, 0, 0, 0, 1, 1]
BOX$A1$134[1, 2, 0, 1, 0, 1, -1, 1, 1]
BOX$A1$134[1, 2, 0, 1, 0, 1, 0, 1, 0]
BOX$A1$134[1, 2, 0, 1, 0, 1, 0, 1, 1]
BOX$A1$134[1, 2, 1, -1, 0, 1, 0, 1, 1]
BOX$A1$134[1, 2, 1, 0, -1, 1, 0, 1, 1]
BOX$A1$134[1, 2, 1, 0, 0, 0, 0, 1, 1]
BOX$A1$134[1, 2, 1, 0, 0, 1, -1, 1, 1]
BOX$A1$134[1, 2, 1, 0, 0, 1, 0, 1, 0]
BOX$A1$134[1, 2, 1, 0, 0, 1, 0, 1, 1]
BOX$A1$134[1, 2, 1, 1, -2, 1, 0, 1, 1]
BOX$A1$134[1, 2, 1, 1, -1, 0, 0, 1, 1]
BOX$A1$134[1, 2, 1, 1, -1, 1, -1, 1, 1]
BOX$A1$134[1, 2, 1, 1, -1, 1, 0, 1, 0]
BOX$A1$134[1, 2, 1, 1, -1, 1, 0, 1, 1]
BOX$A1$134[1, 2, 1, 1, 0, -1, 0, 1, 1]
BOX$A1$134[1, 2, 1, 1, 0, 0, -1, 1, 1]
BOX$A1$134[1, 2, 1, 1, 0, 0, 0, 1, 0]
BOX$A1$134[1, 2, 1, 1, 0, 0, 0, 1, 1]
BOX$A1$134[1, 2, 1, 1, 0, 1, -2, 1, 1]
BOX$A1$134[1, 2, 1, 1, 0, 1, -1, 1, 0]
BOX$A1$134[1, 2, 1, 1, 0, 1, -1, 1, 1]
BOX$A1$134[1, 2, 1, 1, 0, 1, 0, 1, -1]
BOX$A1$134[1, 2, 1, 1, 0, 1, 0, 1, 0]
BOX$A1$134[1, 2, 1, 1, 0, 1, 0, 1, 1]
BOX$A1$134[2, 1, 1, -1, 0, 1, 0, 1, 1]
BOX$A1$134[2, 1, 1, 0, 0, 0, 0, 1, 1]
BOX$A1$134[2, 1, 1, 0, 0, 1, 0, 0, 1]
BOX$A1$134[2, 1, 1, 0, 0, 1, 0, 1, 1]
BOX$A1$134[2, 1, 1, 1, 0, -1, 0, 1, 1]
BOX$A1$134[2, 1, 1, 1, 0, 0, 0, 0, 1]
BOX$A1$134[2, 1, 1, 1, 0, 0, 0, 1, 1]
BOX$A1$134[2, 1, 1, 1, 0, 1, 0, -1, 1]
BOX$A1$134[2, 1, 1, 1, 0, 1, 0, 0, 1]
BOX$A1$134[2, 1, 1, 1, 0, 1, 0, 1, 1]
BOX$A1$134[1, 0, 0, 1, 0, 1, 0, 2, 2]
BOX$A1$134[1, 0, 1, 1, 0, 1, 0, 2, 2]
BOX$A1$134[1, 0, 2, 1, 0, 1, 0, 2, 0]
BOX$A1$134[1, 0, 2, 1, 0, 1, 0, 2, 1]
BOX$A1$134[1, 1, 1, 1, 0, 1, 0, 2, 2]
BOX$A1$134[1, 1, 1, 1, 0, 2, 0, 1, 2]
BOX$A1$134[1, 1, 1, 2, 0, 1, 0, 1, 2]
BOX$A1$134[1, 1, 2, 1, 0, 1, 0, 1, 2]
BOX$A1$134[1, 1, 2, 1, 0, 1, 0, 2, 1]
BOX$A1$134[1, 1, 2, 1, 0, 2, 0, 1, 1]
BOX$A1$134[1, 1, 2, 2, 0, 1, 0, 1, 1]
BOX$A1$134[1, 2, 1, 1, 0, 1, 0, 2, 1]
BOX$A1$134[1, 2, 1, 1, 0, 2, 0, 1, 1]
BOX$A1$134[1, 2, 1, 2, 0, 1, 0, 1, 1]
BOX$A1$134[1, 2, 2, 1, 0, 1, 0, 1, 1]
BOX$A1$134[2, 1, 1, 1, 0, 1, 0, 1, 2]
BOX$A1$134[2, 1, 2, 1, 0, 1, 0, 1, 1]
BOX$A1$134[2, 2, 1, 1, 0, 1, 0, 1, 1]
BOX$A1$134[1, 0, 1, 1, 0, 1, 0, 2, 3]
BOX$A1$134[1, 0, 2, 1, 0, 1, 0, 2, 2]